Time In Gate, Ch 1, Run #1
Time ( s )	Elapsed Time ( s )
0.8055	0.1533
1.7586	0.1532
2.8033	0.1532
3.7564	0.1533
4.8011	0.1534
5.7542	0.1537
6.7988	0.1537
7.7519	0.1539
8.7966	0.1539
9.7497	0.1538
10.7944	0.1538
11.7475	0.1538
12.7922	0.1538
13.7454	0.1539
14.7902	0.1539
15.7431	0.1541
16.7879	0.1541
17.7409	0.1542
18.7857	0.1542
19.7388	0.1543
20.7835	0.1542
21.7364	0.1543
22.7813	0.1542
23.7342	0.1544
24.7791	0.1544
25.7320	0.1545
26.7769	0.1545
27.7298	0.1546
28.7747	0.1546
29.7276	0.1547
30.7725	0.1547
31.7254	0.1546
32.7703	0.1547
33.7231	0.1548
34.7681	0.1548
35.7209	0.1550
36.7659	0.1549
37.7186	0.1551
38.7636	0.1551
39.7164	0.1551
40.7615	0.1551
41.7142	0.1552
42.7593	0.1552
43.7119	0.1553
44.7570	0.1553
45.7097	0.1554
46.7548	0.1553
47.7075	0.1556
48.7527	0.1555
49.7053	0.1555
50.7505	0.1556
51.7031	0.1557
52.7483	0.1556
53.7009	0.1557
54.7460	0.1557
55.6986	0.1558
56.7438	0.1559
57.6963	0.1559
58.7416	0.1559
59.6941	0.1560
60.7394	0.1561
61.6919	0.1561
62.7373	0.1561
63.6896	0.1562
64.7350	0.1562
65.6875	0.1563
66.7328	0.1562
67.6852	0.1564
68.7306	0.1564
69.6830	0.1565
70.7284	0.1565
71.6807	0.1566
72.7262	0.1566
73.6784	0.1567
74.7240	0.1567
75.6762	0.1568
76.7218	0.1568
77.6739	0.1569
78.7195	0.1569
79.6717	0.1570
80.7173	0.1570
81.6695	0.1571
82.7151	0.1572
83.6672	0.1572
84.7129	0.1572
85.6649	0.1573
86.7107	0.1573
87.6627	0.1574
88.7085	0.1574
89.6604	0.1575
90.7062	0.1575
91.6582	0.1576
92.7040	0.1576
93.6560	0.1577
94.7019	0.1577
95.6537	0.1578
96.6995	0.1578
97.6515	0.1579
98.6974	0.1579
99.6492	0.1580
100.6951	0.1580
101.6471	0.1581
102.6930	0.1581
103.6448	0.1581
104.6907	0.1582
105.6426	0.1583
106.6885	0.1582
107.6402	0.1583
108.6863	0.1583
109.6380	0.1584
110.6841	0.1585
111.6357	0.1586
112.6818	0.1586
113.6335	0.1587
114.6796	0.1587
115.6312	0.1587
116.6773	0.1587
117.6290	0.1588
118.6751	0.1588
119.6267	0.1588
120.6729	0.1589
121.6244	0.1590
122.6706	0.1590
123.6222	0.1592
124.6684	0.1591
125.6199	0.1592
126.6662	0.1591
127.6178	0.1593
128.6640	0.1592
129.6155	0.1593
130.6618	0.1594
131.6133	0.1594
132.6595	0.1594
133.6110	0.1595
134.6574	0.1595
135.6087	0.1595
136.6551	0.1595
137.6065	0.1596
138.6528	0.1596
139.6043	0.1597
140.6506	0.1597
141.6019	0.1597
142.6484	0.1598
143.5998	0.1599
144.6462	0.1599
145.5975	0.1599
146.6439	0.1599
147.5952	0.1600
148.6418	0.1601
149.5930	0.1601
150.6395	0.1601
151.5907	0.1602
152.6372	0.1603
153.5884	0.1603
154.6351	0.1603
155.5862	0.1604
156.6328	0.1604
157.5840	0.1605
158.6306	0.1604
159.5817	0.1606
160.6282	0.1605
161.5794	0.1606
162.6261	0.1606
163.5772	0.1607
164.6239	0.1608
165.5749	0.1608
166.6216	0.1608
167.5727	0.1609
168.6193	0.1609
169.5704	0.1610
170.6171	0.1610
171.5682	0.1611
172.6149	0.1611
173.5658	0.1612
174.6127	0.1611
175.5635	0.1612
176.6105	0.1613
177.5613	0.1613
178.6081	0.1613
179.5589	0.1615
180.6060	0.1615
181.5567	0.1616
182.6037	0.1616
183.5544	0.1616
184.6014	0.1617
185.5521	0.1618
186.5991	0.1618
187.5498	0.1619
188.5969	0.1620
189.5476	0.1620
190.5947	0.1619
191.5453	0.1621
192.5925	0.1621
193.5430	0.1622
194.5902	0.1623
195.5407	0.1624
196.5879	0.1624
197.5385	0.1625
198.5856	0.1624
199.5362	0.1625
200.5834	0.1626
201.5339	0.1626
202.5811	0.1627
203.5315	0.1627
204.5788	0.1627
205.5293	0.1628
206.5766	0.1628
207.5270	0.1629
208.5744	0.1629
209.5248	0.1629
210.5722	0.1629
211.5225	0.1631
212.5700	0.1631
213.5201	0.1632
214.5676	0.1632
215.5179	0.1633
216.5653	0.1633
217.5156	0.1634
218.5631	0.1634
219.5133	0.1636
220.5608	0.1635
221.5110	0.1636
222.5586	0.1636
223.5087	0.1637
224.5564	0.1637
225.5065	0.1638
226.5541	0.1639
227.5041	0.1639
228.5518	0.1639
229.5020	0.1639
230.5496	0.1640
231.4997	0.1641
232.5474	0.1641
233.4974	0.1642
234.5451	0.1642
235.4951	0.1643
236.5428	0.1644
237.4928	0.1644
238.5406	0.1644
239.4905	0.1644
240.5384	0.1644
241.4882	0.1646
242.5361	0.1646
243.4860	0.1647
244.5338	0.1646
245.4836	0.1648
246.5316	0.1647
247.4813	0.1649
248.5292	0.1649
249.4790	0.1650
250.5270	0.1650
251.4766	0.1651
252.5247	0.1651
253.4744	0.1652
254.5224	0.1652
255.4722	0.1653
256.5202	0.1652
257.4699	0.1653
258.5179	0.1653
259.4676	0.1654
260.5158	0.1655
261.4653	0.1656
262.5135	0.1655
263.4630	0.1656
264.5112	0.1656
265.4608	0.1657
266.5089	0.1657
267.4584	0.1658
268.5066	0.1658
269.4561	0.1658
270.5044	0.1659
271.4538	0.1660
272.5021	0.1660
273.4515	0.1661
274.4998	0.1660
275.4492	0.1661
276.4975	0.1662
277.4468	0.1663
278.4953	0.1663
279.4445	0.1663
280.4930	0.1663
281.4423	0.1664
282.4907	0.1664
283.4399	0.1665
284.4884	0.1666
285.4376	0.1666
286.4861	0.1666
287.4353	0.1667
288.4838	0.1667
289.4331	0.1668
290.4816	0.1668
291.4308	0.1669
292.4793	0.1669
293.4285	0.1669
294.4770	0.1669
295.4262	0.1671
296.4747	0.1671
297.4239	0.1672
298.4725	0.1672
299.4216	0.1672
300.4702	0.1672
301.4193	0.1673
302.4678	0.1673
303.4169	0.1674
304.4656	0.1674
305.4146	0.1675
306.4633	0.1674
307.4123	0.1675
308.4611	0.1676
309.4100	0.1676
310.4588	0.1676
311.4076	0.1677
312.4565	0.1678
313.4053	0.1679
314.4543	0.1679
315.4031	0.1679
316.4519	0.1679
317.4008	0.1681
318.4497	0.1680
319.3985	0.1681
320.4474	0.1681
321.3963	0.1683
322.4452	0.1682
323.3939	0.1684
324.4429	0.1684
325.3916	0.1684
326.4406	0.1685
327.3893	0.1686
328.4383	0.1685
329.3870	0.1686
330.4361	0.1686
331.3848	0.1687
332.4339	0.1687
333.3824	0.1688
334.4316	0.1687
335.3802	0.1689
336.4294	0.1689
337.3779	0.1690
338.4271	0.1689
339.3756	0.1691
340.4249	0.1691
341.3733	0.1692
342.4225	0.1691
343.3710	0.1692
344.4203	0.1693
345.3686	0.1693
346.4180	0.1694
347.3663	0.1695
348.4157	0.1695
349.3641	0.1696
350.4135	0.1696
351.3618	0.1696
352.4112	0.1697
353.3595	0.1697
354.4088	0.1698
355.3571	0.1698
356.4065	0.1698
357.3548	0.1700
358.4043	0.1700
359.3525	0.1700
360.4020	0.1700
361.3502	0.1702
362.3998	0.1701
363.3479	0.1702
364.3975	0.1702
365.3456	0.1703
366.3952	0.1703
367.3433	0.1704
368.3930	0.1704
369.3411	0.1705
370.3908	0.1705
371.3388	0.1706
372.3884	0.1707
373.3365	0.1708
374.3862	0.1707
375.3342	0.1708
376.3839	0.1708
377.3319	0.1709
378.3816	0.1709
379.3295	0.1710
380.3793	0.1710
381.3273	0.1711
382.3770	0.1711
383.3249	0.1712
384.3748	0.1713
385.3225	0.1714
386.3725	0.1713
387.3202	0.1714
388.3701	0.1714
389.3179	0.1715
390.3678	0.1716
391.3155	0.1717
392.3654	0.1716
393.3130	0.1717
394.3631	0.1718
395.3108	0.1718
396.3608	0.1718
397.3085	0.1719
398.3585	0.1720
399.3060	0.1720
400.3562	0.1720
401.3037	0.1721
402.3539	0.1721
403.3014	0.1722
404.3516	0.1723
405.2991	0.1723
406.3493	0.1723
407.2968	0.1724
408.3470	0.1724
409.2944	0.1725
410.3447	0.1726
411.2921	0.1726
412.3425	0.1726
413.2899	0.1727
414.3402	0.1728
415.2874	0.1729
416.3378	0.1729
417.2851	0.1730
418.3355	0.1730
419.2827	0.1731
420.3331	0.1731
421.2805	0.1732
422.3310	0.1732
423.2781	0.1733
424.3287	0.1733
425.2757	0.1733
426.3263	0.1734
427.2734	0.1734
428.3240	0.1735
429.2710	0.1736
430.3216	0.1735
431.2686	0.1737
432.3193	0.1738
433.2663	0.1738
434.3169	0.1737
435.2640	0.1739
436.3147	0.1739
437.2617	0.1739
438.3124	0.1740
439.2593	0.1741
440.3101	0.1741
441.2570	0.1742
442.3078	0.1742
443.2547	0.1742
444.3055	0.1743
445.2523	0.1745
446.3032	0.1745
447.2500	0.1745
448.3009	0.1745
449.2477	0.1747
450.2986	0.1746
451.2453	0.1747
452.2963	0.1747
453.2430	0.1748
454.2940	0.1749
455.2406	0.1749
456.2917	0.1750
457.2383	0.1751
458.2894	0.1750
459.2359	0.1751
460.2871	0.1752
461.2336	0.1753
462.2848	0.1753
463.2313	0.1754
464.2824	0.1753
465.2289	0.1754
466.2800	0.1754
467.2265	0.1755
468.2777	0.1754
469.2242	0.1756
470.2753	0.1755
471.2219	0.1757
472.2730	0.1757
473.2195	0.1758
474.2708	0.1758
475.2171	0.1759
476.2685	0.1759
477.2148	0.1760
478.2661	0.1761
479.2125	0.1762
480.2638	0.1762
481.2101	0.1762
482.2615	0.1763
483.2078	0.1764
484.2593	0.1764
485.2055	0.1764
486.2569	0.1765
487.2031	0.1765
488.2546	0.1765
489.2007	0.1767
490.2523	0.1766
491.1984	0.1768
492.2500	0.1768
493.1961	0.1769
494.2476	0.1769
495.1937	0.1770
496.2453	0.1768
497.1913	0.1771
498.2429	0.1771
499.1890	0.1771
500.2407	0.1772
501.1866	0.1772
502.2383	0.1773
503.1843	0.1774
504.2360	0.1773
505.1820	0.1775
506.2337	0.1774
507.1795	0.1775
508.2314	0.1776
509.1772	0.1776
510.2291	0.1777
511.1749	0.1778
512.2268	0.1777
513.1725	0.1779
514.2245	0.1780
515.1701	0.1780
516.2221	0.1781
517.1677	0.1781
518.2198	0.1782
519.1654	0.1782
520.2174	0.1783
521.1630	0.1784
522.2151	0.1784
523.1607	0.1784
524.2128	0.1785
525.1584	0.1786
526.2105	0.1786
527.1561	0.1787
528.2082	0.1788
529.1536	0.1789
530.2058	0.1789
531.1513	0.1788
532.2035	0.1789
533.1489	0.1790
534.2012	0.1790
535.1466	0.1791
536.1989	0.1792
537.1443	0.1792
538.1966	0.1793
539.1419	0.1794
540.1943	0.1794
541.1395	0.1794
542.1919	0.1795
543.1371	0.1795
544.1896	0.1796
545.1348	0.1797
546.1873	0.1796
547.1326	0.1797
548.1850	0.1797
549.1302	0.1798
550.1826	0.1799
551.1277	0.1799
552.1803	0.1800
553.1254	0.1801
554.1779	0.1801
555.1231	0.1801
556.1756	0.1801
557.1207	0.1802
558.1733	0.1802
559.1183	0.1803
560.1710	0.1804
561.1159	0.1805
562.1687	0.1805
563.1136	0.1806
564.1663	0.1806
565.1112	0.1806
566.1639	0.1807
567.1089	0.1807
568.1617	0.1808
569.1065	0.1808
570.1593	0.1808
571.1041	0.1810
572.1569	0.1809
573.1017	0.1811
574.1546	0.1810
575.0993	0.1811
576.1522	0.1812
577.0969	0.1812
578.1499	0.1812
579.0946	0.1814
580.1476	0.1813
581.0922	0.1814
582.1452	0.1815
583.0898	0.1816
584.1428	0.1815
585.0874	0.1817
586.1405	0.1817
587.0850	0.1818
588.1381	0.1818
589.0827	0.1819
590.1358	0.1819
591.0802	0.1820
592.1335	0.1819
593.0779	0.1820
594.1311	0.1822
595.0755	0.1822
596.1288	0.1823
597.0731	0.1822
598.1263	0.1823
599.0706	0.1824
600.1240	0.1824
601.0683	0.1826
602.1217	0.1826
603.0659	0.1827
604.1193	0.1828
605.0635	0.1829
606.1170	0.1828
607.0611	0.1829
608.1146	0.1829
609.0587	0.1831
610.1123	0.1831
611.0564	0.1831
612.1099	0.1832
613.0540	0.1832
614.1074	0.1833
615.0515	0.1833
616.1052	0.1833
617.0492	0.1834
618.1028	0.1835
619.0468	0.1836
620.1005	0.1836
621.0443	0.1837
622.0981	0.1838
623.0419	0.1838
624.0957	0.1838
625.0395	0.1839
626.0932	0.1839
627.0371	0.1840
628.0910	0.1840
629.0348	0.1841
630.0887	0.1842
631.0325	0.1842
632.0863	0.1843
633.0301	0.1843
634.0840	0.1844
635.0277	0.1845
636.0816	0.1845
637.0253	0.1845
638.0793	0.1845
639.0229	0.1847
640.0769	0.1847
641.0206	0.1848
642.0746	0.1848
643.0182	0.1849
644.0723	0.1850
645.0159	0.1851
646.0699	0.1850
647.0134	0.1851
648.0676	0.1852
649.0111	0.1852
650.0653	0.1853
651.0086	0.1853
652.0629	0.1855
653.0062	0.1854
654.0605	0.1856
655.0039	0.1857
656.0581	0.1856
657.0014	0.1857
658.0557	0.1857
658.9991	0.1859
660.0534	0.1858
660.9967	0.1859
662.0510	0.1860
662.9942	0.1861
664.0486	0.1861
664.9919	0.1862
666.0464	0.1862
666.9895	0.1863
668.0440	0.1864
668.9871	0.1864
670.0416	0.1864
670.9847	0.1866
672.0392	0.1865
672.9823	0.1866
674.0368	0.1867
674.9799	0.1867
676.0345	0.1867
676.9776	0.1868
678.0322	0.1868
678.9753	0.1869
680.0298	0.1869
680.9728	0.1871
682.0275	0.1871
682.9704	0.1872
684.0251	0.1872
684.9679	0.1872
686.0227	0.1873
686.9655	0.1873
688.0204	0.1874
688.9631	0.1874
690.0180	0.1875
690.9607	0.1877
692.0156	0.1876
692.9583	0.1877
694.0131	0.1877
694.9559	0.1878
696.0108	0.1879
696.9534	0.1880
698.0084	0.1880
698.9510	0.1881
700.0060	0.1881
700.9486	0.1882
702.0036	0.1882
702.9461	0.1883
704.0013	0.1883
704.9437	0.1884
705.9988	0.1885
706.9412	0.1885
707.9963	0.1885
708.9388	0.1885
709.9940	0.1885
710.9365	0.1886
711.9917	0.1887
712.9341	0.1888
713.9893	0.1888
714.9317	0.1888
715.9869	0.1889
716.9293	0.1889
717.9846	0.1890
718.9269	0.1890
719.9823	0.1891
720.9244	0.1891
721.9799	0.1892
722.9221	0.1892
723.9775	0.1893
724.9197	0.1893
725.9752	0.1894
726.9174	0.1894
727.9728	0.1894
728.9149	0.1895
729.9705	0.1896
730.9124	0.1897
731.9680	0.1898
732.9101	0.1898
733.9657	0.1899
734.9076	0.1899
735.9633	0.1899
736.9053	0.1901
737.9609	0.1900
738.9028	0.1901
739.9585	0.1902
740.9004	0.1902
741.9561	0.1902
742.8980	0.1903
743.9537	0.1904
744.8956	0.1904
745.9514	0.1904
746.8933	0.1905
747.9490	0.1905
748.8908	0.1906
749.9466	0.1908
750.8883	0.1908
751.9442	0.1908
752.8859	0.1909
753.9418	0.1909
754.8836	0.1910
755.9395	0.1910
756.8812	0.1912
757.9371	0.1911
758.8788	0.1912
759.9348	0.1912
760.8763	0.1913
761.9323	0.1913
762.8739	0.1914
763.9301	0.1914
764.8716	0.1916
765.9277	0.1915
766.8692	0.1916
767.9253	0.1916
768.8667	0.1917
769.9229	0.1918
770.8644	0.1919
771.9206	0.1919
772.8619	0.1919
773.9182	0.1921
774.8595	0.1922
775.9158	0.1921
776.8571	0.1922
777.9135	0.1923
778.8546	0.1923
779.9110	0.1924
780.8522	0.1924
781.9086	0.1926
782.8497	0.1926
783.9062	0.1926
784.8473	0.1927
785.9038	0.1928
786.8448	0.1929
787.9014	0.1929
788.8424	0.1931
789.8990	0.1930
790.8399	0.1931
791.8965	0.1931
792.8376	0.1932
793.8943	0.1933
794.8353	0.1933
795.8918	0.1933
796.8328	0.1935
797.8894	0.1935
798.8302	0.1936
799.8871	0.1936
800.8278	0.1937
801.8846	0.1937
802.8253	0.1938
803.8822	0.1938
804.8230	0.1939
805.8799	0.1939
806.8205	0.1940
807.8775	0.1941
808.8181	0.1941
809.8750	0.1941
810.8157	0.1942
811.8726	0.1942
812.8131	0.1943
813.8702	0.1943
814.8108	0.1944
815.8678	0.1945
816.8084	0.1945
817.8654	0.1946
818.8059	0.1946
819.8629	0.1947
820.8035	0.1948
821.8607	0.1949
822.8011	0.1949
823.8582	0.1950
824.7987	0.1950
825.8558	0.1951
826.7962	0.1952
827.8535	0.1952
828.7938	0.1953
829.8511	0.1954
830.7914	0.1955
831.8487	0.1954
832.7890	0.1955
833.8463	0.1956
834.7865	0.1956
835.8439	0.1956
836.7841	0.1957
837.8415	0.1958
838.7816	0.1958
839.8391	0.1959
840.7791	0.1960
841.8366	0.1961
842.7767	0.1961
843.8342	0.1962
844.7742	0.1962
845.8319	0.1963
846.7718	0.1963
847.8294	0.1964
848.7693	0.1964
849.8270	0.1965
850.7669	0.1966
851.8246	0.1966
852.7644	0.1967
853.8222	0.1968
854.7620	0.1968
855.8198	0.1968
856.7595	0.1969
857.8174	0.1969
858.7571	0.1969
859.8150	0.1970
860.7547	0.1971
861.8126	0.1971
862.7523	0.1972
863.8102	0.1972
864.7500	0.1973
865.8079	0.1973
866.7475	0.1975
867.8054	0.1975
868.7450	0.1975
869.8030	0.1976
870.7425	0.1976
871.8006	0.1977
872.7400	0.1978
873.7981	0.1978
874.7377	0.1979
875.7958	0.1979
876.7352	0.1980
877.7934	0.1981
878.7328	0.1981
879.7909	0.1981
880.7303	0.1982
881.7885	0.1983
882.7279	0.1983
883.7862	0.1984
884.7255	0.1985
885.7836	0.1985
886.7229	0.1986
887.7813	0.1987
888.7205	0.1986
889.7789	0.1988
890.7180	0.1989
891.7765	0.1989
892.7156	0.1990
893.7741	0.1991
894.7132	0.1991
895.7716	0.1992
896.7105	0.1993
897.7691	0.1993
898.7080	0.1994
899.7666	0.1994
900.7056	0.1995
901.7642	0.1995
902.7031	0.1996
903.7618	0.1997
904.7007	0.1997
905.7593	0.1998
906.6982	0.1998
907.7569	0.1999
908.6958	0.1999
909.7545	0.2000
910.6933	0.2000
911.7521	0.2001
912.6908	0.2001
913.7497	0.2002
914.6884	0.2002
915.7473	0.2003
916.6860	0.2003
917.7449	0.2004
918.6835	0.2005
919.7426	0.2005
920.6811	0.2006
921.7401	0.2007
922.6786	0.2006
923.7376	0.2006
924.6762	0.2008
925.7352	0.2008
926.6737	0.2010
927.7328	0.2010
928.6713	0.2011
929.7304	0.2011
930.6688	0.2011
931.7280	0.2013
932.6663	0.2013
933.7255	0.2013
934.6639	0.2014
935.7231	0.2014
936.6615	0.2014
937.7207	0.2015
938.6590	0.2016
939.7182	0.2016
940.6565	0.2017
941.7158	0.2017
942.6541	0.2017
943.7133	0.2018
944.6517	0.2019
945.7111	0.2019
946.6493	0.2020
947.7087	0.2021
948.6468	0.2021
949.7062	0.2022
950.6443	0.2023
951.7037	0.2022
952.6417	0.2023
953.7013	0.2024
954.6393	0.2024
955.6988	0.2025
956.6369	0.2025
957.6964	0.2026
958.6344	0.2027
959.6940	0.2027
960.6319	0.2028
961.6916	0.2029
962.6294	0.2030
963.6891	0.2030
964.6270	0.2031
965.6867	0.2032
966.6245	0.2032
967.6842	0.2032
968.6220	0.2032
969.6818	0.2032
970.6196	0.2034
971.6794	0.2034
972.6172	0.2035
973.6770	0.2036
974.6147	0.2037
975.6745	0.2037
976.6123	0.2037
977.6721	0.2038
978.6097	0.2038
979.6697	0.2038
980.6073	0.2039
981.6672	0.2039
982.6048	0.2040
983.6648	0.2041
984.6023	0.2041
985.6623	0.2042
986.5998	0.2042
987.6599	0.2043
988.5973	0.2044
989.6573	0.2043
990.5948	0.2045
991.6549	0.2045
992.5922	0.2045
993.6525	0.2047
994.5897	0.2047
995.6500	0.2048
996.5873	0.2048
997.6476	0.2049
998.5848	0.2050
999.6451	0.2050
1000.5823	0.2051
1001.6427	0.2052
1002.5798	0.2053
1003.6402	0.2053
1004.5773	0.2053
1005.6378	0.2054
1006.5749	0.2055
1007.6353	0.2055
1008.5725	0.2056
1009.6330	0.2056
1010.5699	0.2057
1011.6305	0.2058
1012.5675	0.2058
1013.6281	0.2059
1014.5650	0.2060
1015.6256	0.2060
1016.5625	0.2060
1017.6232	0.2062
1018.5600	0.2062
1019.6207	0.2063
1020.5575	0.2062
1021.6182	0.2063
1022.5550	0.2063
1023.6158	0.2064
1024.5526	0.2064
1025.6133	0.2065
1026.5501	0.2066
1027.6110	0.2067
1028.5476	0.2067
1029.6085	0.2068
1030.5451	0.2068
1031.6060	0.2069
1032.5425	0.2069
1033.6034	0.2069
1034.5401	0.2070
1035.6010	0.2070
1036.5377	0.2071
1037.5986	0.2071
1038.5351	0.2072
1039.5962	0.2072
1040.5326	0.2073
1041.5937	0.2074
1042.5301	0.2075
1043.5912	0.2075
1044.5277	0.2076
1045.5888	0.2076
1046.5252	0.2076
1047.5863	0.2077
1048.5227	0.2078
1049.5839	0.2079
1050.5202	0.2079
1051.5814	0.2079
1052.5177	0.2080
1053.5790	0.2081
1054.5152	0.2081
1055.5765	0.2082
1056.5127	0.2083
1057.5741	0.2083
1058.5102	0.2083
1059.5716	0.2084
1060.5077	0.2085
1061.5691	0.2086
1062.5052	0.2086
1063.5666	0.2086
1064.5027	0.2088
1065.5641	0.2088
1066.5001	0.2088
1067.5616	0.2089
1068.4976	0.2089
1069.5592	0.2089
1070.4952	0.2090
1071.5568	0.2091
1072.4926	0.2091
1073.5543	0.2092
1074.4903	0.2092
1075.5519	0.2093
1076.4878	0.2093
1077.5495	0.2094
1078.4853	0.2095
1079.5471	0.2095
1080.4828	0.2096
1081.5445	0.2097
1082.4803	0.2097
1083.5421	0.2098
1084.4778	0.2098
1085.5396	0.2099
1086.4754	0.2099
1087.5372	0.2099
1088.4728	0.2100
1089.5347	0.2101
1090.4703	0.2101
1091.5323	0.2102
1092.4679	0.2102
1093.5298	0.2103
1094.4654	0.2104
1095.5274	0.2104
1096.4628	0.2105
1097.5249	0.2105
1098.4603	0.2106
1099.5224	0.2107
1100.4578	0.2107
1101.5199	0.2108
1102.4553	0.2109
1103.5175	0.2109
1104.4529	0.2110
1105.5151	0.2110
1106.4503	0.2111
1107.5126	0.2112
1108.4479	0.2112
1109.5102	0.2113
1110.4454	0.2114
1111.5077	0.2115
1112.4430	0.2115
1113.5053	0.2116
1114.4404	0.2116
1115.5028	0.2117
1116.4380	0.2117
1117.5004	0.2118
1118.4355	0.2118
1119.4979	0.2119
1120.4331	0.2119
1121.4954	0.2119
1122.4305	0.2119
1123.4931	0.2120
1124.4280	0.2121
1125.4906	0.2122
1126.4255	0.2121
1127.4881	0.2122
1128.4230	0.2123
1129.4856	0.2124
1130.4205	0.2124
1131.4831	0.2125
1132.4180	0.2125
1133.4807	0.2126
1134.4155	0.2126
1135.4783	0.2127
1136.4130	0.2128
1137.4758	0.2129
1138.4105	0.2130
1139.4733	0.2130
1140.4080	0.2130
1141.4708	0.2132
1142.4054	0.2131
1143.4684	0.2133
1144.4030	0.2132
1145.4659	0.2133
1146.4005	0.2133
1147.4635	0.2135
1148.3980	0.2135
1149.4609	0.2136
1150.3955	0.2136
1151.4585	0.2136
1152.3931	0.2137
1153.4561	0.2137
1154.3905	0.2138
1155.4536	0.2138
1156.3879	0.2139
1157.4511	0.2140
1158.3855	0.2140
1159.4486	0.2141
1160.3830	0.2141
1161.4463	0.2142
1162.3805	0.2142
1163.4437	0.2143
1164.3780	0.2144
1165.4413	0.2145
1166.3754	0.2145
1167.4387	0.2146
1168.3729	0.2146
1169.4362	0.2146
1170.3703	0.2147
1171.4336	0.2147
1172.3679	0.2147
1173.4313	0.2149
1174.3653	0.2149
1175.4288	0.2150
1176.3628	0.2151
1177.4263	0.2150
1178.3603	0.2152
1179.4239	0.2153
1180.3578	0.2152
1181.4214	0.2153
1182.3553	0.2154
1183.4188	0.2155
1184.3527	0.2155
1185.4163	0.2156
1186.3502	0.2156
1187.4138	0.2157
1188.3477	0.2159
1189.4113	0.2159
1190.3452	0.2159
1191.4088	0.2160
1192.3426	0.2160
1193.4063	0.2161
1194.3401	0.2162
1195.4038	0.2162
1196.3376	0.2164
1197.4014	0.2163
1198.3350	0.2164
1199.3989	0.2165
1200.3325	0.2165
1201.3964	0.2166
1202.3299	0.2167
1203.3940	0.2167
1204.3275	0.2168
1205.3915	0.2168
1206.3249	0.2169
1207.3891	0.2169
1208.3225	0.2170
1209.3865	0.2171
1210.3200	0.2171
1211.3841	0.2172
1212.3174	0.2172
1213.3815	0.2173
1214.3149	0.2173
1215.3790	0.2173
1216.3124	0.2173
1217.3765	0.2175
1218.3099	0.2175
1219.3741	0.2176
1220.3073	0.2176
1221.3716	0.2178
1222.3047	0.2179
1223.3690	0.2179
1224.3022	0.2178
1225.3665	0.2179
1226.2997	0.2180
1227.3641	0.2181
1228.2972	0.2180
1229.3616	0.2181
1230.2947	0.2182
1231.3591	0.2183
1232.2921	0.2183
1233.3566	0.2184
1234.2896	0.2184
1235.3542	0.2185
1236.2870	0.2185
1237.3517	0.2185
1238.2846	0.2186
1239.3492	0.2186
1240.2822	0.2187
1241.3467	0.2188
1242.2795	0.2189
1243.3443	0.2189
1244.2771	0.2189
1245.3417	0.2190
1246.2744	0.2191
1247.3392	0.2191
1248.2719	0.2192
1249.3367	0.2192
1250.2694	0.2193
1251.3342	0.2194
1252.2668	0.2195
1253.3317	0.2195
1254.2643	0.2195
1255.3292	0.2196
1256.2618	0.2197
1257.3268	0.2198
1258.2592	0.2198
1259.3241	0.2199
1260.2566	0.2200
1261.3217	0.2201
1262.2540	0.2201
1263.3192	0.2202
1264.2515	0.2201
1265.3166	0.2202
1266.2489	0.2203
1267.3140	0.2203
1268.2465	0.2204
1269.3117	0.2205
1270.2440	0.2204
1271.3092	0.2206
1272.2415	0.2206
1273.3068	0.2207
1274.2389	0.2208
1275.3042	0.2208
1276.2363	0.2209
1277.3016	0.2209
1278.2338	0.2210
1279.2992	0.2210
1280.2313	0.2210
1281.2966	0.2211
1282.2287	0.2211
1283.2941	0.2212
1284.2262	0.2212
1285.2916	0.2213
1286.2236	0.2213
1287.2891	0.2215
1288.2211	0.2215
1289.2866	0.2216
1290.2186	0.2216
1291.2841	0.2217
1292.2160	0.2217
1293.2816	0.2217
1294.2135	0.2217
1295.2791	0.2218
1296.2111	0.2218
1297.2767	0.2219
1298.2085	0.2219
1299.2742	0.2220
1300.2059	0.2221
1301.2717	0.2222
1302.2034	0.2222
1303.2692	0.2223
1304.2008	0.2223
1305.2666	0.2224
1306.1983	0.2224
1307.2641	0.2225
1308.1957	0.2226
1309.2616	0.2227
1310.1932	0.2227
1311.2592	0.2229
1312.1908	0.2229
1313.2567	0.2230
1314.1881	0.2230
1315.2542	0.2231
1316.1856	0.2231
1317.2516	0.2232
1318.1829	0.2233
1319.2491	0.2234
1320.1805	0.2234
1321.2466	0.2235
1322.1779	0.2237
1323.2441	0.2237
1324.1754	0.2237
1325.2417	0.2238
1326.1730	0.2239
1327.2392	0.2240
1328.1704	0.2240
1329.2368	0.2241
1330.1678	0.2242
1331.2342	0.2242
1332.1652	0.2244
1333.2317	0.2244
1334.1627	0.2245
1335.2292	0.2246
1336.1601	0.2247
1337.2267	0.2248
1338.1575	0.2248
1339.2242	0.2249
1340.1549	0.2249
1341.2216	0.2250
1342.1524	0.2251
1343.2191	0.2252
1344.1499	0.2252
1345.2166	0.2253
1346.1473	0.2253
1347.2140	0.2255
1348.1447	0.2255
1349.2116	0.2256
1350.1422	0.2256
1351.2091	0.2258
1352.1396	0.2257
1353.2065	0.2259
1354.1370	0.2259
1355.2041	0.2260
1356.1346	0.2260
1357.2016	0.2261
1358.1320	0.2263
1359.1991	0.2263
1360.1294	0.2263
1361.1966	0.2263
1362.1266	0.2265
1363.1941	0.2266
1364.1240	0.2267
1365.1915	0.2269
1366.1216	0.2269
1367.1890	0.2271
1368.1191	0.2271
1369.1864	0.2272
1370.1166	0.2272
1371.1840	0.2273
1372.1140	0.2273
1373.1815	0.2275
1374.1114	0.2275
1375.1789	0.2275
1376.1089	0.2276
1377.1764	0.2277
1378.1063	0.2277
1379.1739	0.2278
1380.1038	0.2279
1381.1714	0.2279
1382.1012	0.2280
1383.1689	0.2282
1384.0986	0.2282
1385.1663	0.2282
1386.0961	0.2283
1387.1638	0.2284
1388.0935	0.2284
1389.1613	0.2285
1390.0910	0.2286
1391.1587	0.2286
1392.0884	0.2286
1393.1563	0.2287
1394.0859	0.2288
1395.1537	0.2288
1396.0833	0.2289
1397.1512	0.2290
1398.0808	0.2290
1399.1487	0.2291
1400.0782	0.2291
1401.1461	0.2292
1402.0756	0.2293
1403.1435	0.2293
1404.0730	0.2294
1405.1411	0.2295
1406.0706	0.2295
1407.1386	0.2296
1408.0679	0.2296
1409.1360	0.2298
1410.0653	0.2298
1411.1334	0.2299
1412.0627	0.2300
1413.1310	0.2301
1414.0602	0.2300
1415.1285	0.2301
1416.0575	0.2301
1417.1258	0.2303
1418.0550	0.2303
1419.1234	0.2304
1420.0524	0.2304
1421.1209	0.2305
1422.0499	0.2305
1423.1183	0.2306
1424.0473	0.2306
1425.1157	0.2309
1426.0448	0.2309
1427.1132	0.2309
1428.0421	0.2310
1429.1107	0.2310
1430.0395	0.2310
1431.1081	0.2312
1432.0370	0.2312
1433.1056	0.2313
1434.0344	0.2313
1435.1032	0.2314
1436.0318	0.2315
1437.1006	0.2316
1438.0293	0.2316
1439.0981	0.2317
1440.0267	0.2318
1441.0955	0.2318
1442.0242	0.2319
1443.0930	0.2320
1444.0215	0.2321
1445.0904	0.2322
1446.0189	0.2322
1447.0878	0.2323
1448.0163	0.2323
1449.0852	0.2325
1450.0137	0.2325
1451.0827	0.2325
1452.0111	0.2326
1453.0802	0.2326
1454.0085	0.2327
1455.0776	0.2328
1456.0060	0.2328
1457.0751	0.2330
1458.0035	0.2329
1459.0726	0.2330
1460.0008	0.2330
1461.0700	0.2332
1461.9982	0.2332
1463.0676	0.2333
1463.9956	0.2334
1465.0649	0.2335
1465.9930	0.2334
1467.0624	0.2336
1467.9904	0.2336
1469.0598	0.2338
1469.9877	0.2338
1471.0572	0.2339
1471.9852	0.2338
1473.0547	0.2340
1473.9826	0.2340
1475.0521	0.2341
1475.9800	0.2341
1477.0496	0.2343
1477.9774	0.2343
1479.0471	0.2344
1479.9749	0.2343
1481.0445	0.2345
1481.9722	0.2345
1483.0420	0.2346
1483.9697	0.2346
1485.0394	0.2348
1485.9670	0.2347
1487.0369	0.2348
1487.9644	0.2348
1489.0343	0.2350
1489.9618	0.2350
1491.0317	0.2350
1491.9592	0.2350
1493.0292	0.2352
1493.9567	0.2352
1495.0267	0.2353
1495.9541	0.2353
1497.0241	0.2354
1497.9516	0.2355
1499.0215	0.2355
1499.9489	0.2356
1501.0190	0.2357
1501.9463	0.2358
1503.0164	0.2358
1503.9437	0.2359
1505.0137	0.2359
1505.9410	0.2360
1507.0112	0.2361
1507.9385	0.2362
1509.0087	0.2362
1509.9358	0.2362
1511.0062	0.2364
1511.9333	0.2365
1513.0036	0.2365
1513.9307	0.2366
1515.0011	0.2367
1515.9281	0.2368
1516.9985	0.2368
1517.9254	0.2369
1518.9960	0.2371
1519.9228	0.2371
1520.9934	0.2371
1521.9203	0.2370
1522.9909	0.2372
1523.9177	0.2372
1524.9883	0.2373
1525.9151	0.2374
1526.9857	0.2375
1527.9125	0.2374
1528.9832	0.2375
1529.9098	0.2375
1530.9806	0.2376
1531.9072	0.2376
1532.9781	0.2378
1533.9047	0.2378
1534.9754	0.2379
1535.9021	0.2378
1536.9729	0.2381
1537.8995	0.2380
1538.9704	0.2382
1539.8969	0.2381
1540.9677	0.2383
1541.8942	0.2383
1542.9652	0.2384
1543.8917	0.2384
1544.9626	0.2385
1545.8891	0.2384
1546.9601	0.2386
1547.8865	0.2386
1548.9576	0.2387
1549.8839	0.2387
1550.9550	0.2388
1551.8813	0.2388
1552.9524	0.2389
1553.8786	0.2390
1554.9498	0.2391
1555.8760	0.2392
1556.9472	0.2393
1557.8733	0.2393
1558.9446	0.2394
1559.8708	0.2394
1560.9421	0.2395
1561.8682	0.2396
1562.9395	0.2396
1563.8656	0.2396
1564.9370	0.2397
1565.8630	0.2397
1566.9344	0.2399
1567.8603	0.2399
1568.9318	0.2400
1569.8578	0.2399
1570.9292	0.2401
1571.8551	0.2401
1572.9267	0.2402
1573.8525	0.2403
1574.9241	0.2402
1575.8499	0.2403
1576.9216	0.2405
1577.8474	0.2404
1578.9189	0.2405
1579.8447	0.2405
1580.9165	0.2407
1581.8421	0.2407
1582.9139	0.2408
1583.8395	0.2408
1584.9113	0.2409
1585.8369	0.2409
1586.9087	0.2410
1587.8343	0.2410
1588.9062	0.2412
1589.8317	0.2412
1590.9036	0.2414
1591.8290	0.2413
1592.9010	0.2415
1593.8265	0.2414
1594.8985	0.2416
1595.8239	0.2416
1596.8960	0.2418
1597.8213	0.2417
1598.8934	0.2419
1599.8187	0.2419
1600.8909	0.2420
1601.8161	0.2420
1602.8883	0.2423
1603.8135	0.2422
1604.8857	0.2423
1605.8108	0.2423
1606.8832	0.2425
1607.8083	0.2425
1608.8807	0.2427
1609.8057	0.2426
1610.8780	0.2428
1611.8030	0.2428
1612.8753	0.2429
1613.8004	0.2428
1614.8728	0.2429
1615.7977	0.2430
1616.8703	0.2432
1617.7951	0.2431
1618.8677	0.2434
1619.7925	0.2434
1620.8651	0.2434
1621.7899	0.2434
1622.8626	0.2436
1623.7873	0.2435
1624.8600	0.2438
1625.7847	0.2438
1626.8574	0.2439
1627.7819	0.2439
1628.8549	0.2440
1629.7795	0.2441
1630.8522	0.2441
1631.7769	0.2441
1632.8497	0.2443
1633.7742	0.2443
1634.8472	0.2444
1635.7717	0.2444
1636.8446	0.2445
1637.7691	0.2445
1638.8421	0.2446
1639.7665	0.2446
1640.8396	0.2447
1641.7638	0.2448
1642.8369	0.2450
1643.7612	0.2450
1644.8343	0.2451
1645.7586	0.2451
1646.8319	0.2453
1647.7560	0.2452
1648.8294	0.2453
1649.7534	0.2453
1650.8267	0.2454
1651.7508	0.2454
1652.8242	0.2456
1653.7481	0.2457
1654.8216	0.2457
1655.7456	0.2458
1656.8190	0.2459
1657.7429	0.2459
1658.8165	0.2460
1659.7403	0.2460
1660.8139	0.2462
1661.7377	0.2461
1662.8114	0.2463
1663.7351	0.2462
1664.8088	0.2464
1665.7325	0.2464
1666.8062	0.2466
1667.7299	0.2466
1668.8036	0.2467
1669.7273	0.2468
1670.8011	0.2469
1671.7247	0.2469
1672.7985	0.2471
1673.7221	0.2470
1674.7960	0.2472
1675.7195	0.2471
1676.7933	0.2473
1677.7168	0.2473
1678.7908	0.2474
1679.7142	0.2474
1680.7882	0.2476
1681.7115	0.2475
1682.7856	0.2476
1683.7089	0.2476
1684.7830	0.2477
1685.7064	0.2478
1686.7805	0.2478
1687.7038	0.2480
1688.7779	0.2480
1689.7011	0.2479
1690.7754	0.2482
1691.6985	0.2482
1692.7728	0.2483
1693.6958	0.2483
1694.7702	0.2485
1695.6933	0.2486
1696.7677	0.2488
1697.6907	0.2487
1698.7651	0.2488
1699.6881	0.2488
1700.7625	0.2489
1701.6854	0.2489
1702.7600	0.2491
1703.6828	0.2491
1704.7574	0.2492
1705.6802	0.2493
1706.7549	0.2494
1707.6777	0.2494
1708.7523	0.2496
1709.6750	0.2495
1710.7498	0.2497
1711.6723	0.2497
1712.7471	0.2498
1713.6696	0.2499
1714.7445	0.2501
1715.6670	0.2500
1716.7420	0.2502
1717.6645	0.2502
1718.7394	0.2504
1719.6619	0.2504
1720.7369	0.2505
1721.6592	0.2505
1722.7342	0.2507
1723.6565	0.2507
1724.7316	0.2508
1725.6539	0.2508
1726.7290	0.2509
1727.6513	0.2510
1728.7264	0.2511
1729.6486	0.2510
1730.7238	0.2512
1731.6460	0.2512
1732.7212	0.2512
1733.6434	0.2512
1734.7186	0.2514
1735.6407	0.2514
1736.7159	0.2515
1737.6381	0.2516
1738.7133	0.2517
1739.6354	0.2516
1740.7108	0.2517
1741.6328	0.2518
1742.7081	0.2519
1743.6301	0.2519
1744.7056	0.2520
1745.6275	0.2520
1746.7030	0.2522
1747.6249	0.2522
1748.7004	0.2524
1749.6222	0.2523
1750.6978	0.2524
1751.6196	0.2524
1752.6953	0.2526
1753.6171	0.2525
1754.6927	0.2527
1755.6144	0.2527
1756.6901	0.2528
1757.6118	0.2529
1758.6875	0.2530
1759.6091	0.2529
1760.6850	0.2532
1761.6065	0.2532
1762.6824	0.2532
1763.6039	0.2532
1764.6797	0.2533
1765.6012	0.2534
1766.6773	0.2535
1767.5986	0.2535
1768.6747	0.2536
1769.5959	0.2536
1770.6721	0.2538
1771.5933	0.2538
1772.6694	0.2539
1773.5907	0.2539
1774.6669	0.2541
1775.5879	0.2541
1776.6642	0.2542
1777.5853	0.2543
1778.6615	0.2544
1779.5826	0.2544
1780.6589	0.2545
1781.5799	0.2545
1782.6563	0.2546
1783.5772	0.2546
1784.6537	0.2547
1785.5746	0.2548
1786.6511	0.2550
1787.5719	0.2550
1788.6485	0.2552
1789.5693	0.2551
1790.6459	0.2552
1791.5666	0.2552
1792.6433	0.2554
1793.5640	0.2554
1794.6406	0.2555
1795.5613	0.2556
1796.6381	0.2556
1797.5587	0.2556
1798.6355	0.2558
1799.5561	0.2558
1800.6330	0.2560
1801.5535	0.2560
1802.6303	0.2562
1803.5508	0.2561
1804.6276	0.2563
1805.5481	0.2564
1806.6251	0.2565
1807.5453	0.2565
1808.6224	0.2566
1809.5427	0.2566
1810.6197	0.2567
1811.5401	0.2567
1812.6172	0.2569
1813.5373	0.2569
1814.6145	0.2571
1815.5347	0.2570
1816.6119	0.2571
1817.5321	0.2572
1818.6093	0.2572
1819.5294	0.2573
1820.6068	0.2575
1821.5267	0.2575
1822.6041	0.2576
1823.5241	0.2575
1824.6014	0.2577
1825.5214	0.2576
1826.5989	0.2578
1827.5188	0.2578
1828.5962	0.2579
1829.5161	0.2580
1830.5937	0.2581
1831.5135	0.2581
1832.5911	0.2583
1833.5110	0.2583
1834.5886	0.2584
1835.5082	0.2584
1836.5860	0.2585
1837.5056	0.2586
1838.5833	0.2587
1839.5029	0.2587
1840.5807	0.2588
1841.5002	0.2589
1842.5781	0.2590
1843.4976	0.2590
1844.5754	0.2591
1845.4949	0.2590
1846.5728	0.2592
1847.4922	0.2593
1848.5702	0.2594
1849.4896	0.2593
1850.5676	0.2595
1851.4870	0.2594
1852.5651	0.2596
1853.4843	0.2597
1854.5625	0.2598
1855.4816	0.2598
1856.5597	0.2599
1857.4789	0.2600
1858.5571	0.2601
1859.4762	0.2601
1860.5545	0.2602
1861.4736	0.2602
1862.5519	0.2604
1863.4709	0.2603
1864.5493	0.2604
1865.4683	0.2605
1866.5467	0.2606
1867.4657	0.2605
1868.5442	0.2607
1869.4630	0.2607
1870.5415	0.2608
1871.4603	0.2608
1872.5389	0.2610
1873.4575	0.2610
1874.5362	0.2612
1875.4549	0.2612
1876.5336	0.2613
1877.4522	0.2615
1878.5309	0.2616
1879.4495	0.2616
1880.5282	0.2617
1881.4468	0.2616
1882.5256	0.2618
1883.4442	0.2618
1884.5230	0.2618
1885.4415	0.2619
1886.5204	0.2620
1887.4389	0.2620
1888.5178	0.2622
1889.4362	0.2622
1890.5152	0.2623
1891.4335	0.2624
1892.5125	0.2625
1893.4309	0.2625
1894.5098	0.2627
1895.4281	0.2627
1896.5072	0.2628
1897.4255	0.2628
1898.5046	0.2629
1899.4228	0.2630
1900.5019	0.2631
1901.4201	0.2632
1902.4993	0.2633
1903.4174	0.2633
1904.4966	0.2635
1905.4147	0.2634
1906.4941	0.2636
1907.4122	0.2636
1908.4916	0.2638
1909.4094	0.2639
1910.4890	0.2640
1911.4067	0.2640
1912.4863	0.2642
1913.4041	0.2642
1914.4837	0.2642
1915.4014	0.2643
1916.4810	0.2645
1917.3988	0.2644
1918.4784	0.2645
1919.3961	0.2646
1920.4758	0.2647
1921.3934	0.2647
1922.4731	0.2649
1923.3907	0.2648
1924.4706	0.2651
1925.3881	0.2650
1926.4680	0.2652
1927.3855	0.2652
1928.4653	0.2653
1929.3829	0.2653
1930.4628	0.2654
1931.3802	0.2654
1932.4602	0.2656
1933.3775	0.2655
1934.4575	0.2657
1935.3748	0.2656
1936.4549	0.2658
1937.3722	0.2658
1938.4524	0.2660
1939.3696	0.2660
1940.4498	0.2660
1941.3669	0.2660
1942.4472	0.2662
1943.3642	0.2662
1944.4445	0.2664
1945.3616	0.2663
1946.4419	0.2666
1947.3588	0.2665
1948.4392	0.2667
1949.3561	0.2666
1950.4366	0.2668
1951.3535	0.2667
1952.4340	0.2668
1953.3508	0.2668
1954.4314	0.2670
1955.3482	0.2668
1956.4288	0.2671
1957.3456	0.2671
1958.4262	0.2672
1959.3429	0.2672
1960.4235	0.2675
1961.3402	0.2673
1962.4209	0.2675
1963.3375	0.2675
1964.4183	0.2677
1965.3349	0.2676
1966.4156	0.2678
1967.3322	0.2678
1968.4131	0.2679
1969.3295	0.2679
1970.4105	0.2682
1971.3269	0.2680
1972.4079	0.2682
1973.3243	0.2682
1974.4053	0.2684
1975.3215	0.2684
1976.4026	0.2686
1977.3189	0.2686
1978.4000	0.2687
1979.3162	0.2688
1980.3974	0.2689
1981.3134	0.2689
1982.3947	0.2691
1983.3109	0.2690
1984.3922	0.2693
1985.3081	0.2692
1986.3895	0.2694
1987.3054	0.2695
1988.3869	0.2696
1989.3028	0.2696
1990.3843	0.2697
1991.3001	0.2699
1992.3817	0.2700
1993.2974	0.2700
1994.3790	0.2701
1995.2946	0.2701
1996.3764	0.2702
1997.2919	0.2702
1998.3737	0.2703
1999.2893	0.2704
2000.3711	0.2706
2001.2866	0.2706
2002.3685	0.2708
2003.2839	0.2708
2004.3658	0.2710
2005.2813	0.2709
2006.3631	0.2711
2007.2784	0.2710
2008.3604	0.2712
2009.2758	0.2712
2010.3578	0.2715
2011.2731	0.2714
2012.3552	0.2715
2013.2704	0.2715
2014.3526	0.2717
2015.2678	0.2717
2016.3499	0.2718
2017.2650	0.2717
2018.3474	0.2719
2019.2624	0.2719
2020.3447	0.2721
2021.2597	0.2720
2022.3421	0.2722
2023.2571	0.2723
2024.3395	0.2724
2025.2544	0.2723
2026.3368	0.2726
2027.2517	0.2726
2028.3342	0.2727
2029.2490	0.2727
2030.3316	0.2729
2031.2463	0.2729
2032.3289	0.2730
2033.2436	0.2729
2034.3263	0.2732
2035.2409	0.2732
2036.3237	0.2734
2037.2382	0.2733
2038.3211	0.2736
2039.2356	0.2735
2040.3185	0.2736
2041.2328	0.2737
2042.3160	0.2739
2043.2302	0.2738
2044.3132	0.2742
2045.2274	0.2741
2046.3106	0.2743
2047.2247	0.2742
2048.3079	0.2744
2049.2219	0.2745
2050.3052	0.2748
2051.2193	0.2747
2052.3025	0.2750
2053.2166	0.2749
2054.3000	0.2751
2055.2139	0.2751
2056.2973	0.2753
2057.2111	0.2752
2058.2945	0.2754
2059.2083	0.2755
2060.2919	0.2756
2061.2057	0.2755
2062.2893	0.2758
2063.2030	0.2757
2064.2866	0.2760
2065.2002	0.2758
2066.2839	0.2760
2067.1975	0.2760
2068.2814	0.2763
2069.1949	0.2762
2070.2787	0.2764
2071.1922	0.2763
2072.2760	0.2765
2073.1895	0.2765
2074.2734	0.2767
2075.1867	0.2767
2076.2708	0.2769
2077.1840	0.2768
2078.2682	0.2771
2079.1813	0.2771
2080.2654	0.2773
2081.1787	0.2772
2082.2629	0.2773
2083.1759	0.2773
2084.2602	0.2775
2085.1734	0.2775
2086.2576	0.2776
2087.1707	0.2777
2088.2549	0.2778
2089.1680	0.2777
2090.2523	0.2779
2091.1653	0.2779
2092.2497	0.2782
2093.1626	0.2781
2094.2471	0.2785
2095.1598	0.2784
2096.2442	0.2785
2097.1570	0.2785
2098.2416	0.2786
2099.1544	0.2785
2100.2390	0.2787
2101.1516	0.2787
2102.2363	0.2788
2103.1489	0.2788
2104.2337	0.2790
2105.1462	0.2790
2106.2310	0.2792
2107.1435	0.2792
2108.2284	0.2794
2109.1408	0.2793
2110.2257	0.2795
2111.1382	0.2795
2112.2231	0.2798
2113.1354	0.2797
2114.2205	0.2800
2115.1328	0.2799
2116.2177	0.2800
2117.1300	0.2801
2118.2151	0.2802
2119.1273	0.2801
2120.2125	0.2803
2121.1246	0.2803
2122.2098	0.2804
2123.1219	0.2804
2124.2072	0.2805
2125.1192	0.2805
2126.2045	0.2807
2127.1165	0.2807
2128.2019	0.2807
2129.1138	0.2807
2130.1992	0.2809
2131.1112	0.2810
2132.1966	0.2812
2133.1086	0.2811
2134.1939	0.2813
2135.1058	0.2812
2136.1913	0.2814
2137.1031	0.2814
2138.1887	0.2815
2139.1005	0.2815
2140.1860	0.2818
2141.0977	0.2816
2142.1834	0.2819
2143.0950	0.2818
2144.1807	0.2820
2145.0923	0.2819
2146.1781	0.2822
2147.0896	0.2821
2148.1755	0.2824
2149.0870	0.2823
2150.1728	0.2825
2151.0841	0.2824
2152.1701	0.2826
2153.0814	0.2826
2154.1675	0.2827
2155.0787	0.2827
2156.1647	0.2829
2157.0760	0.2829
2158.1622	0.2831
2159.0733	0.2830
2160.1595	0.2833
2161.0706	0.2833
2162.1568	0.2835
2163.0678	0.2834
2164.1540	0.2836
2165.0650	0.2836
2166.1513	0.2838
2167.0623	0.2838
2168.1487	0.2839
2169.0596	0.2839
2170.1461	0.2840
2171.0569	0.2840
2172.1435	0.2842
2173.0542	0.2842
2174.1408	0.2843
2175.0516	0.2843
2176.1382	0.2845
2177.0488	0.2845
2178.1354	0.2846
2179.0461	0.2847
2180.1327	0.2849
2181.0433	0.2848
2182.1301	0.2850
2183.0406	0.2849
2184.1275	0.2851
2185.0379	0.2850
2186.1247	0.2853
2187.0352	0.2852
2188.1221	0.2853
2189.0325	0.2853
2190.1194	0.2854
2191.0298	0.2855
2192.1168	0.2857
2193.0270	0.2856
2194.1142	0.2858
2195.0242	0.2858
2196.1114	0.2860
2197.0215	0.2859
2198.1087	0.2862
2199.0188	0.2860
2200.1061	0.2863
2201.0161	0.2862
2202.1033	0.2864
2203.0134	0.2863
2204.1007	0.2865
2205.0107	0.2864
2206.0982	0.2867
2207.0079	0.2866
2208.0953	0.2869
2209.0052	0.2868
2210.0928	0.2870
2211.0025	0.2870
2212.0900	0.2872
2212.9997	0.2871
2214.0873	0.2874
2214.9971	0.2873
2216.0847	0.2876
2216.9943	0.2874
2218.0819	0.2877
2218.9915	0.2876
2220.0793	0.2879
2220.9888	0.2878
2222.0767	0.2880
2222.9861	0.2880
2224.0741	0.2883
2224.9834	0.2881
2226.0714	0.2884
2226.9806	0.2883
2228.0687	0.2885
2228.9778	0.2884
2230.0660	0.2887
2230.9751	0.2886
2232.0633	0.2889
2232.9724	0.2888
2234.0606	0.2890
2234.9696	0.2890
2236.0579	0.2892
2236.9669	0.2892
2238.0552	0.2895
2238.9642	0.2893
2240.0524	0.2896
2240.9614	0.2895
2242.0498	0.2897
2242.9587	0.2895
2244.0472	0.2899
2244.9561	0.2897
2246.0445	0.2900
2246.9533	0.2898
2248.0419	0.2902
2248.9506	0.2900
2250.0393	0.2904
2250.9479	0.2903
2252.0365	0.2907
2252.9451	0.2906
2254.0339	0.2908
2254.9424	0.2908
2256.0313	0.2909
2256.9397	0.2909
2258.0287	0.2911
2258.9370	0.2911
2260.0259	0.2913
2260.9343	0.2913
2262.0232	0.2915
2262.9315	0.2913
2264.0205	0.2916
2264.9288	0.2915
2266.0179	0.2918
2266.9259	0.2918
2268.0152	0.2920
2268.9232	0.2919
2270.0126	0.2921
2270.9206	0.2920
2272.0100	0.2923
2272.9179	0.2922
2274.0072	0.2925
2274.9151	0.2924
2276.0046	0.2926
2276.9123	0.2925
2278.0019	0.2928
2278.9097	0.2927
2279.9991	0.2929
2280.9068	0.2928
2281.9964	0.2932
2282.9041	0.2930
2283.9937	0.2932
2284.9015	0.2931
2285.9911	0.2934
2286.8987	0.2933
2287.9884	0.2935
2288.8958	0.2935
2289.9856	0.2936
2290.8932	0.2935
2291.9830	0.2937
2292.8904	0.2937
2293.9802	0.2939
2294.8877	0.2938
2295.9776	0.2941
2296.8850	0.2939
2297.9749	0.2942
2298.8821	0.2941
2299.9722	0.2944
2300.8795	0.2944
2301.9695	0.2946
2302.8767	0.2945
2303.9668	0.2949
2304.8740	0.2947
2305.9641	0.2949
2306.8712	0.2949
2307.9614	0.2950
2308.8685	0.2950
2309.9589	0.2953
2310.8659	0.2951
2311.9563	0.2955
2312.8630	0.2953
2313.9536	0.2956
2314.8604	0.2955
2315.9509	0.2957
2316.8577	0.2956
2317.9482	0.2959
2318.8549	0.2958
2319.9456	0.2961
2320.8522	0.2960
2321.9429	0.2963
2322.8494	0.2961
2323.9402	0.2965
2324.8467	0.2964
2325.9376	0.2967
2326.8439	0.2965
2327.9349	0.2967
2328.8412	0.2968
2329.9322	0.2970
2330.8385	0.2968
2331.9295	0.2970
2332.8358	0.2969
2333.9268	0.2972
2334.8331	0.2971
2335.9242	0.2973
2336.8304	0.2973
2337.9214	0.2975
2338.8276	0.2975
2339.9189	0.2977
2340.8250	0.2975
2341.9162	0.2979
2342.8222	0.2976
2343.9135	0.2980
2344.8195	0.2978
2345.9109	0.2981
2346.8167	0.2980
2347.9082	0.2983
2348.8139	0.2983
2349.9055	0.2985
2350.8112	0.2983
2351.9028	0.2986
2352.8085	0.2985
2353.9002	0.2987
2354.8057	0.2987
2355.8974	0.2991
2356.8030	0.2989
2357.8947	0.2992
2358.8002	0.2991
2359.8920	0.2994
2360.7973	0.2993
2361.8892	0.2996
2362.7946	0.2994
2363.8865	0.2997
2364.7919	0.2996
2365.8837	0.2998
2366.7891	0.2997
2367.8811	0.2999
2368.7863	0.2998
2369.8784	0.3000
2370.7836	0.3001
2371.8757	0.3004
2372.7808	0.3002
2373.8730	0.3005
2374.7780	0.3004
2375.8703	0.3008
2376.7752	0.3008
2377.8676	0.3010
2378.7724	0.3010
2379.8650	0.3013
2380.7697	0.3012
2381.8623	0.3015
2382.7669	0.3014
2383.8596	0.3017
2384.7641	0.3016
2385.8569	0.3019
2386.7613	0.3019
2387.8542	0.3022
2388.7586	0.3022
2389.8516	0.3025
2390.7559	0.3023
2391.8489	0.3027
2392.7531	0.3025
2393.8463	0.3029
2394.7504	0.3029
2395.8435	0.3031
2396.7477	0.3031
2397.8408	0.3032
2398.7449	0.3032
2399.8381	0.3034
2400.7422	0.3033
2401.8354	0.3036
2402.7393	0.3034
2403.8327	0.3036
2404.7366	0.3035
2405.8299	0.3038
2406.7339	0.3036
2407.8274	0.3039
2408.7312	0.3038
2409.8249	0.3043
2410.7284	0.3041
2411.8220	0.3044
2412.7257	0.3041
2413.8193	0.3045
2414.7230	0.3043
2415.8167	0.3047
2416.7203	0.3045
2417.8139	0.3048
2418.7175	0.3047
2419.8112	0.3050
2420.7147	0.3048
2421.8085	0.3051
2422.7120	0.3050
2423.8059	0.3053
2424.7093	0.3050
2425.8032	0.3054
2426.7066	0.3052
2427.8005	0.3056
2428.7038	0.3054
2429.7979	0.3057
2430.7010	0.3056
2431.7952	0.3059
2432.6983	0.3057
2433.7923	0.3060
2434.6954	0.3059
2435.7896	0.3061
2436.6927	0.3060
2437.7869	0.3063
2438.6900	0.3062
2439.7843	0.3064
2440.6873	0.3063
2441.7816	0.3066
2442.6845	0.3064
2443.7790	0.3067
2444.6817	0.3066
2445.7762	0.3069
2446.6790	0.3068
2447.7736	0.3071
2448.6763	0.3070
2449.7710	0.3073
2450.6735	0.3072
2451.7683	0.3076
2452.6707	0.3074
2453.7656	0.3077
2454.6679	0.3076
2455.7630	0.3079
2456.6651	0.3077
2457.7602	0.3080
2458.6625	0.3078
2459.7575	0.3083
2460.6596	0.3082
2461.7546	0.3085
2462.6568	0.3084
2463.7518	0.3087
2464.6539	0.3085
2465.7491	0.3088
2466.6511	0.3087
2467.7463	0.3089
2468.6484	0.3087
2469.7437	0.3091
2470.6456	0.3089
2471.7411	0.3094
2472.6429	0.3092
2473.7384	0.3094
2474.6402	0.3093
2475.7356	0.3097
2476.6373	0.3095
2477.7329	0.3098
2478.6345	0.3097
2479.7302	0.3101
2480.6318	0.3099
2481.7275	0.3102
2482.6290	0.3100
2483.7247	0.3103
2484.6262	0.3102
2485.7221	0.3105
2486.6235	0.3103
2487.7194	0.3106
2488.6208	0.3105
2489.7166	0.3108
2490.6180	0.3106
2491.7140	0.3109
2492.6154	0.3109
2493.7114	0.3111
2494.6125	0.3110
2495.7086	0.3114
2496.6097	0.3112
2497.7059	0.3115
2498.6070	0.3113
2499.7032	0.3117
2500.6042	0.3114
2501.7005	0.3119
2502.6013	0.3118
2503.6978	0.3121
2504.5986	0.3120
2505.6950	0.3122
2506.5958	0.3120
2507.6923	0.3124
2508.5931	0.3123
2509.6896	0.3127
2510.5903	0.3125
2511.6868	0.3128
2512.5875	0.3127
2513.6841	0.3130
2514.5847	0.3128
2515.6815	0.3132
2516.5819	0.3130
2517.6788	0.3133
2518.5792	0.3131
2519.6760	0.3136
2520.5763	0.3134
2521.6733	0.3138
2522.5736	0.3136
2523.6705	0.3139
2524.5706	0.3137
2525.6680	0.3141
2526.5680	0.3140
2527.6652	0.3144
2528.5652	0.3141
2529.6626	0.3146
2530.5625	0.3144
2531.6598	0.3148
2532.5597	0.3146
2533.6571	0.3149
2534.5568	0.3148
2535.6543	0.3153
2536.5539	0.3151
2537.6514	0.3154
2538.5510	0.3152
2539.6487	0.3156
2540.5483	0.3154
2541.6460	0.3157
2542.5455	0.3155
2543.6433	0.3159
2544.5428	0.3157
2545.6406	0.3160
2546.5400	0.3159
2547.6380	0.3163
2548.5373	0.3161
2549.6353	0.3165
2550.5344	0.3163
2551.6325	0.3168
2552.5316	0.3165
2553.6297	0.3169
2554.5288	0.3167
2555.6271	0.3172
2556.5261	0.3169
2557.6244	0.3173
2558.5233	0.3172
2559.6218	0.3175
2560.5205	0.3174
2561.6190	0.3178
2562.5178	0.3176
2563.6163	0.3180
2564.5151	0.3178
2565.6135	0.3181
2566.5123	0.3178
2567.6109	0.3182
2568.5096	0.3181
2569.6083	0.3184
2570.5068	0.3182
2571.6056	0.3186
2572.5041	0.3183
2573.6028	0.3186
2574.5013	0.3185
2575.6003	0.3189
2576.4985	0.3188
2577.5974	0.3191
2578.4958	0.3189
2579.5948	0.3193
2580.4929	0.3191
2581.5921	0.3194
2582.4902	0.3193
2583.5894	0.3197
2584.4874	0.3196
2585.5866	0.3198
2586.4847	0.3196
2587.5839	0.3200
2588.4819	0.3197
2589.5812	0.3202
2590.4791	0.3199
2591.5786	0.3203
2592.4764	0.3201
2593.5758	0.3206
2594.4735	0.3204
2595.5730	0.3207
2596.4707	0.3205
2597.5704	0.3210
2598.4680	0.3208
2599.5677	0.3212
2600.4652	0.3210
2601.5650	0.3213
2602.4625	0.3211
2603.5624	0.3215
2604.4597	0.3213
2605.5595	0.3217
2606.4569	0.3215
2607.5569	0.3218
2608.4541	0.3217
2609.5543	0.3221
2610.4513	0.3219
2611.5515	0.3223
2612.4486	0.3221
2613.5488	0.3225
2614.4457	0.3223
2615.5460	0.3228
2616.4430	0.3225
2617.5433	0.3229
2618.4402	0.3228
2619.5407	0.3232
2620.4374	0.3231
2621.5380	0.3233
2622.4346	0.3232
2623.5352	0.3235
2624.4319	0.3234
2625.5325	0.3238
2626.4290	0.3235
2627.5298	0.3240
2628.4262	0.3237
2629.5271	0.3242
2630.4235	0.3239
2631.5243	0.3245
2632.4206	0.3243
2633.5215	0.3246
2634.4177	0.3244
2635.5187	0.3248
2636.4149	0.3246
2637.5161	0.3250
2638.4122	0.3248
2639.5134	0.3252
2640.4095	0.3250
2641.5107	0.3255
2642.4065	0.3253
2643.5080	0.3257
2644.4037	0.3254
2645.5053	0.3258
2646.4010	0.3256
2647.5025	0.3260
2648.3982	0.3258
2649.4998	0.3262
2650.3954	0.3260
2651.4972	0.3263
2652.3928	0.3261
2653.4944	0.3264
2654.3899	0.3263
2655.4917	0.3267
2656.3872	0.3264
2657.4890	0.3270
2658.3844	0.3267
2659.4862	0.3271
2660.3816	0.3269
2661.4835	0.3273
2662.3787	0.3271
2663.4808	0.3275
2664.3760	0.3272
2665.4780	0.3275
2666.3732	0.3274
2667.4752	0.3277
2668.3705	0.3274
2669.4726	0.3279
2670.3677	0.3277
2671.4699	0.3282
2672.3649	0.3279
2673.4671	0.3284
2674.3620	0.3281
2675.4645	0.3285
2676.3592	0.3284
2677.4618	0.3287
2678.3564	0.3284
2679.4591	0.3290
2680.3536	0.3289
2681.4564	0.3293
2682.3508	0.3289
2683.4537	0.3295
2684.3480	0.3293
2685.4510	0.3297
2686.3452	0.3295
2687.4482	0.3298
2688.3423	0.3296
2689.4454	0.3302
2690.3396	0.3299
2691.4427	0.3303
2692.3367	0.3302
2693.4399	0.3304
2694.3339	0.3302
2695.4372	0.3306
2696.3311	0.3304
2697.4344	0.3307
2698.3284	0.3306
2699.4318	0.3310
2700.3255	0.3307
2701.4290	0.3310
2702.3227	0.3309
2703.4262	0.3314
2704.3200	0.3310
2705.4236	0.3315
2706.3172	0.3312
2707.4208	0.3315
2708.3145	0.3314
2709.4183	0.3320
2710.3117	0.3318
2711.4155	0.3323
2712.3088	0.3321
2713.4127	0.3325
2714.3060	0.3322
2715.4099	0.3326
2716.3032	0.3323
2717.4073	0.3328
2718.3004	0.3324
2719.4046	0.3331
2720.2976	0.3328
2721.4019	0.3333
2722.2949	0.3330
2723.3992	0.3336
2724.2919	0.3334
2725.3963	0.3337
2726.2892	0.3336
2727.3937	0.3340
2728.2864	0.3338
2729.3909	0.3342
2730.2835	0.3340
2731.3882	0.3344
2732.2808	0.3341
2733.3854	0.3345
2734.2779	0.3343
2735.3828	0.3348
2736.2752	0.3345
2737.3801	0.3350
2738.2724	0.3348
2739.3773	0.3353
2740.2695	0.3351
2741.3745	0.3355
2742.2667	0.3353
2743.3719	0.3358
2744.2639	0.3355
2745.3692	0.3359
2746.2610	0.3356
2747.3664	0.3362
2748.2581	0.3360
2749.3637	0.3365
2750.2552	0.3363
2751.3607	0.3368
2752.2523	0.3366
2753.3580	0.3370
2754.2496	0.3367
2755.3553	0.3372
2756.2468	0.3369
2757.3526	0.3374
2758.2440	0.3372
2759.3498	0.3376
2760.2411	0.3374
2761.3471	0.3379
2762.2384	0.3376
2763.3443	0.3381
2764.2356	0.3378
2765.3417	0.3383
2766.2328	0.3381
2767.3389	0.3386
2768.2298	0.3384
2769.3362	0.3387
2770.2270	0.3385
2771.3333	0.3390
2772.2242	0.3387
2773.3306	0.3391
2774.2214	0.3388
2775.3279	0.3392
2776.2185	0.3391
2777.3251	0.3395
2778.2157	0.3392
2779.3223	0.3396
2780.2129	0.3394
2781.3196	0.3399
2782.2100	0.3395
2783.3168	0.3400
2784.2073	0.3397
2785.3141	0.3401
2786.2045	0.3399
2787.3114	0.3403
2788.2016	0.3400
2789.3086	0.3404
2790.1988	0.3401
2791.3058	0.3407
2792.1960	0.3403
2793.3031	0.3409
2794.1932	0.3407
2795.3005	0.3412
2796.1903	0.3409
2797.2977	0.3415
2798.1876	0.3413
2799.2950	0.3419
2800.1847	0.3416
2801.2922	0.3420
2802.1819	0.3417
2803.2895	0.3421
2804.1792	0.3419
2805.2868	0.3424
2806.1764	0.3420
2807.2841	0.3425
2808.1736	0.3422
2809.2814	0.3427
2810.1708	0.3424
2811.2787	0.3429
2812.1679	0.3426
2813.2759	0.3431
2814.1650	0.3429
2815.2730	0.3432
2816.1623	0.3430
2817.2704	0.3435
2818.1594	0.3432
2819.2676	0.3438
2820.1566	0.3434
2821.2648	0.3438
2822.1537	0.3437
2823.2620	0.3441
2824.1508	0.3437
2825.2591	0.3442
2826.1480	0.3439
2827.2564	0.3444
2828.1453	0.3441
2829.2537	0.3446
2830.1424	0.3444
2831.2509	0.3449
2832.1396	0.3445
2833.2482	0.3450
2834.1367	0.3447
2835.2456	0.3453
2836.1339	0.3450
2837.2428	0.3454
2838.1311	0.3451
2839.2400	0.3455
2840.1282	0.3453
2841.2373	0.3458
2842.1254	0.3455
2843.2346	0.3461
2844.1227	0.3457
2845.2318	0.3463
2846.1198	0.3460
2847.2292	0.3465
2848.1171	0.3462
2849.2264	0.3467
2850.1142	0.3464
2851.2237	0.3469
2852.1115	0.3466
2853.2211	0.3471
2854.1087	0.3467
2855.2184	0.3473
2856.1060	0.3471
2857.2156	0.3476
2858.1030	0.3473
2859.2127	0.3479
2860.1001	0.3476
2861.2100	0.3481
2862.0973	0.3477
2863.2072	0.3483
2864.0944	0.3479
2865.2044	0.3485
2866.0915	0.3483
2867.2016	0.3488
2868.0886	0.3486
2869.1988	0.3490
2870.0858	0.3487
2871.1960	0.3491
2872.0829	0.3486
2873.1935	0.3493
2874.0803	0.3491
2875.1907	0.3496
2876.0776	0.3493
2877.1881	0.3499
2878.0746	0.3495
2879.1852	0.3501
2880.0719	0.3498
2881.1826	0.3504
2882.0689	0.3500
2883.1798	0.3506
2884.0661	0.3504
2885.1770	0.3507
2886.0632	0.3504
2887.1743	0.3509
2888.0604	0.3506
2889.1715	0.3512
2890.0576	0.3508
2891.1688	0.3514
2892.0548	0.3512
2893.1661	0.3517
2894.0518	0.3515
2895.1633	0.3520
2896.0491	0.3518
2897.1605	0.3525
2898.0462	0.3521
2899.1578	0.3527
2900.0434	0.3524
2901.1551	0.3530
2902.0406	0.3525
2903.1523	0.3532
2904.0376	0.3529
2905.1495	0.3534
2906.0348	0.3531
2907.1467	0.3537
2908.0318	0.3534
2909.1439	0.3540
2910.0291	0.3536
2911.1412	0.3541
2912.0263	0.3538
2913.1385	0.3544
2914.0234	0.3541
2915.1358	0.3544
2916.0207	0.3540
2917.1330	0.3546
2918.0179	0.3543
2919.1303	0.3548
2920.0151	0.3545
2921.1276	0.3552
2922.0122	0.3549
2923.1249	0.3556
2924.0094	0.3553
2925.1222	0.3560
2926.0065	0.3555
2927.1195	0.3561
2928.0035	0.3557
2929.1166	0.3563
2930.0007	0.3561
2931.1138	0.3566
2931.9978	0.3562
2933.1110	0.3567
2933.9949	0.3563
2935.1083	0.3568
2935.9920	0.3565
2937.1055	0.3570
2937.9893	0.3567
2939.1026	0.3572
2939.9865	0.3569
2941.0999	0.3574
2941.9836	0.3570
2943.0971	0.3576
2943.9807	0.3571
2945.0943	0.3578
2945.9779	0.3574
2947.0916	0.3581
2947.9751	0.3575
2949.0887	0.3581
2949.9721	0.3577
2951.0860	0.3583
2951.9695	0.3579
2953.0834	0.3585
2953.9666	0.3583
2955.0806	0.3588
2955.9637	0.3585
2957.0778	0.3592
2957.9608	0.3587
2959.0750	0.3593
2959.9581	0.3589
2961.0723	0.3595
2961.9552	0.3591
2963.0696	0.3598
2963.9522	0.3594
2965.0669	0.3601
2965.9493	0.3597
2967.0640	0.3603
2967.9467	0.3599
2969.0613	0.3604
2969.9439	0.3601
2971.0587	0.3609
2971.9409	0.3604
2973.0557	0.3611
2973.9381	0.3607
2975.0531	0.3613
2975.9353	0.3609
2977.0503	0.3615
2977.9324	0.3610
2979.0475	0.3617
2979.9296	0.3612
2981.0447	0.3619
2981.9268	0.3615
2983.0420	0.3622
2983.9239	0.3617
2985.0393	0.3624
2985.9209	0.3619
2987.0365	0.3625
2987.9181	0.3623
2989.0337	0.3628
2989.9154	0.3624
2991.0310	0.3630
2991.9126	0.3625
2993.0283	0.3631
2993.9097	0.3628
2995.0255	0.3634
2995.9069	0.3628
2997.0228	0.3634
2997.9042	0.3631
2999.0201	0.3637
2999.9012	0.3633
3001.0174	0.3639
3001.8984	0.3636
3003.0145	0.3642
3003.8956	0.3637
3005.0118	0.3643
3005.8928	0.3640
3007.0092	0.3647
3007.8900	0.3642
3009.0063	0.3648
3009.8872	0.3645
3011.0036	0.3652
3011.8841	0.3647
3013.0009	0.3654
3013.8813	0.3650
3014.9981	0.3657
3015.8785	0.3653
3016.9951	0.3659
3017.8755	0.3656
3018.9924	0.3662
3019.8727	0.3656
3020.9897	0.3663
3021.8700	0.3659
3022.9871	0.3665
3023.8672	0.3661
3024.9844	0.3668
3025.8643	0.3664
3026.9816	0.3671
3027.8615	0.3666
3028.9788	0.3674
3029.8585	0.3668
3030.9760	0.3674
3031.8557	0.3671
3032.9733	0.3677
3033.8528	0.3671
3034.9704	0.3678
3035.8499	0.3673
3036.9676	0.3679
3037.8472	0.3676
3038.9649	0.3682
3039.8444	0.3677
3040.9621	0.3683
3041.8416	0.3679
3042.9594	0.3686
3043.8386	0.3681
3044.9567	0.3688
3045.8359	0.3684
3046.9540	0.3690
3047.8334	0.3685
3048.9515	0.3692
3049.8305	0.3687
3050.9487	0.3693
3051.8276	0.3690
3052.9458	0.3695
3053.8247	0.3692
3054.9432	0.3699
3055.8220	0.3695
3056.9404	0.3701
3057.8191	0.3697
3058.9376	0.3703
3059.8163	0.3698
3060.9349	0.3705
3061.8135	0.3701
3062.9323	0.3707
3063.8106	0.3703
3064.9294	0.3708
3065.8078	0.3703
3066.9268	0.3709
3067.8050	0.3706
3068.9239	0.3713
3069.8021	0.3708
3070.9212	0.3715
3071.7992	0.3710
3072.9183	0.3716
3073.7963	0.3711
3074.9156	0.3718
3075.7936	0.3714
3076.9128	0.3719
3077.7908	0.3716
3078.9102	0.3723
3079.7878	0.3717
3080.9074	0.3725
3081.7850	0.3720
3082.9046	0.3727
3083.7822	0.3722
3084.9019	0.3730
3085.7792	0.3725
3086.8991	0.3731
3087.7765	0.3727
3088.8963	0.3735
3089.7736	0.3729
3090.8936	0.3738
3091.7706	0.3734
3092.8908	0.3741
3093.7678	0.3737
3094.8881	0.3744
3095.7649	0.3738
3096.8852	0.3745
3097.7618	0.3740
3098.8824	0.3747
3099.7590	0.3743
3100.8796	0.3750
3101.7563	0.3746
3102.8769	0.3754
3103.7533	0.3748
3104.8741	0.3757
3105.7505	0.3752
3106.8714	0.3759
3107.7477	0.3753
3108.8686	0.3761
3109.7448	0.3756
3110.8658	0.3763
3111.7420	0.3759
3112.8631	0.3766
3113.7391	0.3760
3114.8604	0.3768
3115.7364	0.3763
3116.8575	0.3769
3117.7334	0.3765
3118.8549	0.3773
3119.7306	0.3769
3120.8522	0.3777
3121.7276	0.3771
3122.8493	0.3777
3123.7249	0.3772
3124.8464	0.3780
3125.7219	0.3774
3126.8438	0.3782
3127.7190	0.3778
3128.8409	0.3785
3129.7161	0.3780
3130.8381	0.3787
3131.7131	0.3782
3132.8353	0.3789
3133.7101	0.3785
3134.8325	0.3792
3135.7073	0.3788
3136.8298	0.3797
3137.7045	0.3791
3138.8269	0.3798
3139.7017	0.3793
3140.8242	0.3801
3141.6987	0.3795
3142.8214	0.3803
3143.6959	0.3798
3144.8186	0.3806
3145.6929	0.3801
3146.8158	0.3808
3147.6903	0.3803
3148.8131	0.3811
3149.6874	0.3805
3150.8105	0.3813
3151.6845	0.3807
3152.8076	0.3814
3153.6817	0.3810
3154.8050	0.3817
3155.6788	0.3812
3156.8022	0.3819
3157.6759	0.3813
3158.7993	0.3820
3159.6731	0.3814
3160.7965	0.3823
3161.6702	0.3816
3162.7937	0.3825
3163.6672	0.3819
3164.7910	0.3826
3165.6646	0.3821
3166.7883	0.3831
3167.6616	0.3824
3168.7854	0.3832
3169.6587	0.3827
3170.7826	0.3834
3171.6558	0.3829
3172.7799	0.3837
3173.6530	0.3830
3174.7771	0.3838
3175.6502	0.3832
3176.7743	0.3839
3177.6474	0.3835
3178.7716	0.3843
3179.6447	0.3837
3180.7690	0.3845
3181.6418	0.3839
3182.7662	0.3848
3183.6390	0.3841
3184.7634	0.3849
3185.6359	0.3843
3186.7606	0.3852
3187.6330	0.3847
3188.7577	0.3855
3189.6301	0.3849
3190.7550	0.3858
3191.6272	0.3851
3192.7522	0.3859
3193.6244	0.3855
3194.7494	0.3863
3195.6215	0.3857
3196.7467	0.3866
3197.6185	0.3860
3198.7438	0.3869
3199.6157	0.3862
3200.7412	0.3871
3201.6128	0.3864
3202.7383	0.3873
3203.6099	0.3867
3204.7354	0.3875
3205.6071	0.3869
3206.7327	0.3878
3207.6042	0.3872
3208.7298	0.3879
3209.6013	0.3873
3210.7271	0.3881
3211.5984	0.3874
3212.7242	0.3882
3213.5956	0.3875
3214.7215	0.3884
3215.5928	0.3878
3216.7189	0.3887
3217.5899	0.3882
3218.7160	0.3891
3219.5869	0.3885
3220.7132	0.3893
3221.5840	0.3888
3222.7104	0.3895
3223.5811	0.3889
3224.7076	0.3898
3225.5782	0.3892
3226.7049	0.3900
3227.5754	0.3894
3228.7021	0.3902
3229.5726	0.3896
3230.6993	0.3904
3231.5697	0.3898
3232.6966	0.3906
3233.5669	0.3901
3234.6939	0.3910
3235.5639	0.3904
3236.6911	0.3913
3237.5612	0.3905
3238.6884	0.3915
3239.5584	0.3909
3240.6855	0.3917
3241.5555	0.3911
3242.6828	0.3920
3243.5525	0.3914
3244.6801	0.3923
3245.5496	0.3916
3246.6772	0.3923
3247.5469	0.3918
3248.6745	0.3925
3249.5440	0.3920
3250.6718	0.3927
3251.5411	0.3922
3252.6691	0.3931
3253.5383	0.3924
3254.6663	0.3934
3255.5355	0.3927
3256.6635	0.3936
3257.5326	0.3928
3258.6607	0.3937
3259.5298	0.3931
3260.6578	0.3939
3261.5269	0.3933
3262.6551	0.3942
3263.5239	0.3935
3264.6524	0.3944
3265.5211	0.3938
3266.6496	0.3946
3267.5182	0.3940
3268.6469	0.3949
3269.5153	0.3942
3270.6441	0.3951
3271.5125	0.3944
3272.6413	0.3954
3273.5096	0.3947
3274.6385	0.3957
3275.5066	0.3949
3276.6355	0.3957
3277.5037	0.3950
3278.6326	0.3959
3279.5009	0.3952
3280.6299	0.3961
3281.4981	0.3955
3282.6272	0.3963
3283.4952	0.3956
3284.6245	0.3967
3285.4923	0.3958
3286.6218	0.3970
3287.4894	0.3962
3288.6189	0.3972
3289.4865	0.3964
3290.6161	0.3974
3291.4839	0.3967
3292.6134	0.3976
3293.4810	0.3969
3294.6107	0.3979
3295.4780	0.3972
3296.6079	0.3982
3297.4752	0.3975
3298.6052	0.3985
3299.4723	0.3977
3300.6024	0.3986
3301.4695	0.3979
3302.5996	0.3988
3303.4666	0.3982
3304.5969	0.3992
3305.4638	0.3985
3306.5942	0.3994
3307.4609	0.3987
3308.5915	0.3997
3309.4581	0.3989
3310.5887	0.4000
3311.4553	0.3993
3312.5861	0.4004
3313.4522	0.3996
3314.5831	0.4005
3315.4494	0.3999
3316.5804	0.4008
3317.4467	0.4000
3318.5778	0.4010
3319.4438	0.4002
3320.5750	0.4011
3321.4409	0.4004
3322.5722	0.4014
3323.4379	0.4006
3324.5694	0.4017
3325.4351	0.4009
3326.5667	0.4020
3327.4322	0.4013
3328.5638	0.4022
3329.4293	0.4014
3330.5610	0.4024
3331.4265	0.4017
3332.5583	0.4027
3333.4235	0.4020
3334.5554	0.4029
3335.4206	0.4022
3336.5527	0.4031
3337.4178	0.4023
3338.5498	0.4032
3339.4149	0.4024
3340.5471	0.4035
3341.4121	0.4026
3342.5442	0.4035
3343.4094	0.4028
3344.5416	0.4038
3345.4065	0.4031
3346.5388	0.4040
3347.4036	0.4034
3348.5361	0.4043
3349.4006	0.4037
3350.5333	0.4046
3351.3977	0.4038
3352.5305	0.4048
3353.3949	0.4041
3354.5277	0.4050
3355.3921	0.4044
3356.5250	0.4054
3357.3892	0.4045
3358.5223	0.4055
3359.3864	0.4048
3360.5194	0.4057
3361.3835	0.4050
3362.5167	0.4060
3363.3806	0.4052
3364.5139	0.4061
3365.3778	0.4054
3366.5111	0.4064
3367.3748	0.4056
3368.5084	0.4067
3369.3720	0.4059
3370.5055	0.4068
3371.3691	0.4060
3372.5027	0.4071
3373.3662	0.4064
3374.5000	0.4072
3375.3633	0.4065
3376.4973	0.4077
3377.3604	0.4069
