38.225075652007945
39.27958676510025
40.228720970102586
41.28328697802499
42.23238743201364
43.28698083607014
44.23605764401145
45.290784328011796
46.2396848880453
47.29432527010795
48.24325332802255
49.298071053111926
50.24695879907813
51.30170246108901
52.25055458303541
53.30546803504694
54.254270208999515
55.30930834810715
56.258109010057524
57.31303199310787
58.261816823040135
59.3167810550658
60.265406667022035
61.32058230403345
62.26911552005913
63.32420558400918
64.27277692500502
65.32786740607116
66.2763751000166
67.33163563208655
68.28005150402896
69.33531734801363
70.28370124101639
71.33902213710826
72.28733795706648
73.34270062309224
74.29095529706683
75.34641087905038
76.29456451209262
77.35014717606828
78.29845231806394
79.35388915007934
80.30195460608229
81.35742737411056
82.30549189203884
83.36124294006731
84.30925761500839
85.36473465303425
86.31274417205714
87.36843943805434
88.31642692501191
89.37215573200956
90.32001967809629
91.37576931808144
92.32361425401177
93.37944061204325
94.32719158905093
95.38313393609133
96.33087621605955
97.38677897909656
98.33444053004496
99.39042480301578
100.3381142700091
101.39410031307489
102.34174222801812
103.39781228208449
104.345342165092
105.40142070804723
106.3488924150588
107.40505632210989
108.35248047707137
109.40866625809576
110.35604718409013
111.4123410891043
112.3596995670814
113.41600836801808
114.3633395540528
115.419686896028
116.36699177999981
117.42330907005817
118.37057442206424
119.42694181599654
120.37418248108588
121.4306919570081
122.37779241404496
123.43432215007488
124.38135552511085
125.43793270806782
126.38496535306331
127.44164493109565
128.3886225760216
129.44530965411104
130.39222276804503
131.4490285430802
132.3959375420818
133.4527483690763
134.39966439909767
135.4564343400998
136.4033064120449
137.46008973906282
