32.32385220192373
33.27904048305936
34.3139089839533
35.26904299296439
36.30372404796071
37.25889727589674
38.29369983985089
39.248958016047254
40.283549069892615
41.23866380890831
42.27394314086996
43.22869751788676
44.263508623000234
45.218468935927376
46.25331493699923
47.20823113596998
48.24329614592716
49.19815359497443
50.23312704288401
51.18808428198099
52.223038042895496
53.17799767898396
54.212934511946514
55.16779654403217
56.20294082490727
57.15771775296889
58.192814690060914
59.14760083705187
60.18266183603555
61.13747225399129
62.17256044084206
63.1272450259421
64.16243144101463
65.11708139092661
66.15227082697675
67.1069040580187
68.142182034906
69.09678495395929
70.13213803502731
71.08654298586771
72.12189184804447
73.07639487204142
74.11183118098415
75.06630811095238
76.10170874395408
77.05617825896479
78.09165891399607
79.04604583187029
80.08157851989381
81.0358502860181
82.07152479887009
83.02582667092793
84.06135743786581
85.01560847996734
86.05125919706188
87.00548961688764
88.04118877393194
88.99536195700057
90.0310149199795
90.98514268896542
92.02096336195245
92.97508472693153
94.01085290289484
94.96492197993211
96.00077364803292
96.95484111295082
97.99059059703723
98.94461134588346
99.98049203003757
100.93449236499146
101.97044753003865
102.924318858888
103.96027366188355
104.91422285791487
105.95018672593869
106.90401571593247
107.94002552493475
108.89376649796031
109.9299850568641
110.88374702190049
111.91984813683666
112.8736722918693
113.90984090883285
114.8636241289787
115.89968582289293
116.85348618100397
117.88973277201876
118.84326391504146
119.87947498890571
120.83308602985926
121.86942189699039
122.82298215897754
123.85929855005816
124.81282662786543
125.84922932297923
126.8027361528948
127.83911791304126
128.7925640689209
129.82910390384495
130.78241141792387
