91.52132726402488
92.54779695905745
93.51712278602645
94.54354268999305
95.512891850085
96.53930144105107
97.50864893407561
98.53516716999002
99.50436888204422
100.53096263797488
101.50027507904451
102.52658560802229
103.49580992397387
104.52233149297535
105.49157497507986
106.51815862697549
107.48765986796934
108.51433591498062
109.48308033798821
110.50984190497547
111.47883606504183
112.50565502804238
113.47470674000215
114.50149945204612
115.470552726998
116.49767975998111
117.46668808697723
118.49352475698106
119.46201605501119
120.48893137008417
121.4578879789915
122.48470407503191
123.45353354897816
124.4804463640321
125.44927484705113
126.47611729800701
127.44503921805881
128.47192484606057
129.44094989006408
130.46771843498573
131.43668249004986
132.46346707607154
133.4324704540195
134.45933483098634
135.4281757089775
136.45510420005303
137.42392778699286
138.45091591298115
139.41968158399686
140.44666153204162
141.41540293197613
142.44243928603828
143.41107818705495
144.43821740499698
145.40681151405443
146.43399979406968
147.40260124602355
148.429724370013
149.39823452103883
150.4254889980657
151.3939409200102
152.42131123004947
153.38979705702513
154.4171035659965
155.38544704997912
156.4128125680145
157.38126610405743
158.4085780279711
159.37687271100003
160.40431286406238
161.37256306700874
162.39989238698035
163.3682510270737
164.39565237797797
165.36390200804453
166.39138111798093
167.3595759050222
168.3871012129821
169.35540157207288
170.3829094839748
171.35106182203162
172.3785092140315
173.3468219160568
174.3744653480826
175.34252617601305
176.37014752498362
177.33831371704582
178.36590886802878
179.33407235203777
180.36168198101223
181.32986507297028
182.35754692007322
183.32562382798642
184.3532775680069
185.32135177706368
186.34908526402432
187.31700114905834
188.34489943599328
189.31282116204966
190.34065852104686
