31.547505142865703
32.59396238089539
33.559458259958774
34.606103205820546
35.57162314699963
36.61824423796497
37.583605794934556
38.63030407298356
39.595757295843214
40.64254437596537
41.607891192892566
42.6549300418701
43.61990300682373
44.66674435697496
45.63198127876967
46.67870726482943
47.64384830184281
48.69189563393593
49.65611631190404
50.70288391178474
51.66815640684217
52.71504947496578
53.680163480807096
54.72704555885866
55.69217435689643
56.739129142835736
57.704327158862725
58.751314964843914
59.71642855391838
60.763422193937004
61.72858948097564
62.775597859872505
63.74071051180363
64.78769889078103
65.7527952408418
66.7998430468142
67.7648484588135
68.81185959884897
69.77688407385722
70.82394010899588
71.78889677091502
72.83588723395951
73.80083446996287
74.84806779492646
75.81292987498455
76.86015221080743
77.82495819684118
78.87231985479593
79.8371189138852
80.88439432298765
81.84906416386366
82.89643738395534
83.86119602690451
84.90861539193429
85.8732954938896
86.9206380888354
87.88532527396455
88.93264411878772
89.89738260488957
90.94479587697424
91.90945618692786
92.95687622879632
93.92146195587702
94.96889923792332
95.93346892297268
96.98102521477267
97.94558693096042
98.99311567097902
99.95764952292666
101.00528440694325
101.96974742598832
103.01735871681012
103.98182428791188
105.02956521394663
105.99393552495167
107.04162504384294
108.00600535492413
109.05380732193589
110.01805487391539
111.06577079882845
112.03009876678698
113.07793958694674
114.04216333595105
115.08993983385153
116.05418420792557
117.10212554899044
118.06629481888376
119.11416787886992
120.07831188896671
121.12627276079729
122.09038505190983
123.13838363182731
124.10235821595415
125.15037632593885
126.11436455580406
127.1625706339255
128.1265620929189
129.17475978587754
130.13864155695774
131.18674643780105
