26.464975907001644
27.478683111956343
28.4647142799804
29.478277891059406
30.464295724057592
31.47798084304668
32.463821331970394
33.47732249205001
34.4633393320255
35.477044865023345
36.46281503897626
37.476578954956494
38.462434438988566
39.47617762500886
40.46199920203071
41.475741293048486
42.46167911705561
43.475411882973276
44.461151062045246
45.474962368025444
46.460770242032595
47.47456014098134
48.46021072298754
49.47399088006932
50.45979328302201
51.47364427195862
52.45929198700469
53.473144015995786
54.4588677190477
55.47269860096276
56.45842876005918
57.47224359901156
58.45800235099159
59.471835365053266
60.457439429010265
61.47131410904694
62.45699067006353
63.47087034804281
64.4565287840087
65.47039450204466
66.45610892598052
67.47001162206288
68.45560651295818
69.46945962496102
70.45521810697392
71.46908215503208
72.4546249610139
73.46857931895647
74.45418790401891
75.4680911670439
76.4536443350371
77.46766238799319
78.45314383599907
79.46706881502178
80.45265755197033
81.46675586199854
82.45229840104003
83.46620832500048
84.4518048199825
85.4658429720439
86.45141868502833
87.46538574201986
88.45092838001437
89.46497007098515
90.45042999996804
91.46445366903208
92.44990083598532
93.46405163803138
94.4493811490247
95.46352460596245
96.44890609406866
97.46304277901072
98.44847254699562
99.46249923098367
100.44792519602925
101.46207000303548
102.44757185096387
103.46157894900534
104.4469591829693
105.46112627803814
106.44647427101154
107.46053063706495
108.44587545096874
109.46008671098389
110.44547360704746
111.45954793901183
112.44493686500937
113.45915900799446
114.444428193965
115.45855799096171
116.4439188420074
117.45811025297735
118.44346401898656
119.45756167999934
120.44288232002873
121.45714237296488
122.44237020099536
123.45653301395942
124.44180802698247
125.45612625498325
