40.58014986501075
41.62416570610367
42.588336376007646
43.63228591508232
44.59651132300496
45.640622528037056
46.60483231092803
47.648819661932066
48.612994079943746
49.65712403389625
50.621301733888686
51.66543439589441
52.62962110503577
53.67373798601329
54.63786662300117
55.682176366914064
56.64620135794394
57.69040349801071
58.654377500060946
59.69871651404537
60.66263963095844
61.706979841925204
62.670885354978964
63.71523223305121
64.67906310991384
65.72348587191664
66.68721633311361
67.73163607507013
68.6953614319209
69.73988971393555
70.70365465292707
71.7481529880315
72.71182777103968
73.75641480297782
74.72008880507201
75.76472828397527
76.72836082801223
77.77299270196818
78.73662540200166
79.78130029700696
80.7448677890934
81.78956211009063
82.75308694597334
83.79782647499815
84.76134860189632
85.80607005790807
86.76954525802284
87.81427437090315
88.77768967510201
89.82251310907304
90.78592705889605
91.83077346207574
92.79408501693979
93.83900699205697
94.80228682793677
95.84723895811476
96.81050186697394
97.85544274793938
98.818705344107
99.86369726504199
100.82687923707999
101.87195131392218
102.83512047189288
103.8801880700048
104.84340024902485
105.88844612799585
106.85156695405021
107.89667158201337
108.8596833969932
109.90485958801582
110.86790713202208
111.91311733191833
112.87609836598858
113.92126242001541
114.88426183909178
115.92950177798048
116.89240525988862
117.9381005091127
118.90095763700083
119.9459352849517
120.9087142359931
121.95413021603599
122.91694885399193
123.96238472801633
124.92510836711153
125.97053523105569
126.93322439002804
127.97866182704456
128.94128801696934
129.98680180800147
130.94942409195937
131.99505298491567
132.95767329004593
134.00322567299008
134.96582103008404
136.01148403808475
136.97401418699883
138.01968557899818
138.98219531099312
140.0278799328953
