60.538784980075434
61.596839722944424
62.54887273791246
63.60704716690816
64.5590167439077
65.61726877698675
66.56910507404245
67.62739726202562
68.57921340200119
69.63757011992857
70.58937350008637
71.6477066250518
72.59948359709233
73.65788484597579
74.60954723600298
75.66803473397158
76.6197119159624
77.67823483003303
78.62980555300601
79.68836466409266
80.63991278293543
81.69850829988718
82.65006891894154
83.70865657087415
84.66020203288645
85.71882140287198
86.67032071901485
87.72897732793353
88.68043195689097
89.73912148200907
90.69056220399216
91.74928308301605
92.70069094095379
93.75946989189833
94.71081207203679
95.76961143990047
96.72097757807933
97.77979715308174
98.73108928091824
99.78996380395256
100.7412619208917
101.80010883905925
102.75140466401353
103.81030793604441
104.76152808405459
105.82049744809046
106.77172165899538
107.83070602291264
108.78188335802406
109.8409047529567
110.79200063087046
111.85108712897636
112.8020964958705
113.86116846301593
114.8121937669348
115.87134338892065
116.82241249503568
117.8815755539108
118.83256075298414
119.89171058288775
120.84262296999805
121.90180300804786
122.852752530016
123.9119586609304
124.86287010996602
125.92212311504409
126.87308216793463
127.9323294959031
128.88322552805766
129.94250691798516
130.89332758495584
131.95268220291473
132.9035576619208
133.962859258987
134.9137277910486
135.97307673096657
136.92386614787392
137.98325071297586
138.93401679606177
139.993468756089
140.94420067290775
142.003673621919
142.95431204908527
144.01382400793955
144.96447253995575
146.0239820498973
146.97462547710165
148.0341585809365
148.98474013293162
150.04435526696034
150.99494051700458
152.05456148390658
153.0050616299268
154.06469030492008
155.01517399190925
156.0748448020313
157.02526447898708
158.08500362187624
159.03540834994055
160.09513530507684
