42.999554336071014
44.06083086505532
45.01306313998066
46.07430487801321
47.02650220505893
48.08781951502897
49.04002257110551
50.101378109073266
51.053515071980655
52.114960089093074
53.066962625132874
54.12848977698013
55.08029189798981
56.14192561106756
57.09367465903051
58.155271186027676
59.10708247311413
60.16866181208752
61.120551692089066
62.18212410318665
63.13408445217647
64.19562920718454
65.14762934716418
66.209313319996
67.1610459620133
68.22276873700321
69.17437163903378
70.23613753914833
71.18777622212656
72.24963050615042
73.20114997215569
74.26295113097876
75.21453320118599
76.27639102609828
77.22797122015618
78.28987534809858
79.24149866611697
80.30342050199397
81.25497147697024
82.31689096917398
83.26838267315179
84.33040612214245
85.28214954398572
86.34381877700798
87.2952124089934
88.35734242014587
89.30867928219959
90.37076715705916
91.32205948815681
92.38417397812009
93.33552568312734
94.39764715218917
95.3489412011113
96.4110117321834
97.3623367191758
98.4245238120202
99.37574952817522
100.43799776700325
101.3892007751856
102.45150359603576
103.4026101459749
104.46494958200492
105.41590977809392
106.47833202616312
107.42938555497676
108.49177197017707
109.44277326017618
110.50522972620092
111.45621080719866
112.51870242902078
113.4696887191385
114.5322113300208
115.48311871406622
116.54577846010216
117.49656594917178
118.55921251699328
119.50995464203879
120.5726281371899
121.5233985951636
122.58611000608653
123.53680348512717
124.59954317798838
125.5502173861023
126.61294968309812
127.56357467197813
128.62635379098356
129.57696560397744
130.64008992910385
131.59039841010235
132.65323888300918
133.60380397713743
134.6666848140303
135.61718881409615
136.68011824414134
137.6305569850374
138.69350662315264
139.64393057208508
140.70694927219301
141.65742254303768
142.72043603518978
