28.793874450027943
29.771311381133273
30.790791714098305
31.76830119919032
32.787728200200945
33.76528565608896
34.78469682717696
35.762304910225794
36.78174030221999
37.75933698005974
38.77878268714994
39.75633994117379
40.775969920214266
41.75348014617339
42.77298090909608
43.75057035521604
44.77009601611644
45.747691662050784
46.767210346180946
47.74477750505321
48.76431520213373
49.7418728841003
50.76141422917135
51.73894576705061
52.75853456207551
53.73607282200828
54.75560906715691
55.73312191222794
56.7527178991586
57.730270121013746
58.74985538213514
59.72737135621719
60.74692620220594
61.724383377004415
62.74394306913018
63.72147659910843
64.74106618901715
65.71857357607223
66.73818707512692
67.71572107821703
68.73533671419136
69.71281785611063
70.73241052520461
71.70990609610453
72.7295245481655
73.70694835111499
74.72668805508874
75.70401748502627
76.72366422321647
77.70099823921919
78.72076466609724
79.6981197251007
80.71783771715127
81.69521991419606
82.71500025107525
83.69236786616966
84.71208471711725
85.68941129301675
86.70912298909388
87.68646847410128
88.70626386906952
89.68355237715878
90.7033649100922
91.68065008707345
92.70046126819216
93.6777138421312
94.69756044214591
95.67478114319965
96.69461269304156
97.67184761608951
98.69169515720569
99.66894263308495
100.68877637502737
101.66606036317535
102.68592478404753
103.66309382719919
104.68299835408106
105.66053119907156
106.6801040112041
107.65728956810199
108.67718753614463
109.65434403414838
110.67428018106148
111.65142168011516
112.67129569407552
113.64850448607467
114.6683992841281
115.64561313018203
116.66606844612397
117.64269891311415
118.66260923515074
119.6397692321334
120.6597109620925
121.63682840811089
122.65684821316972
123.63401941116899
124.65395374922082
125.6310456271749
126.65107913315296
127.6281174721662
