27.51019477006048
28.545075939036906
29.51726931007579
30.55215704103466
31.524195726029575
32.55915027810261
33.5311092750635
34.56598419207148
35.53805277205538
36.573001438053325
37.54502007004339
38.58002930809744
39.55211038701236
40.58709801000077
41.55910367204342
42.59408770198934
43.56606279104017
44.601085517089814
45.57306425203569
46.608090936089866
47.579977379064076
48.61509338603355
49.586965662078
50.622059741057456
51.593818579101935
52.62894140800927
53.60072946501896
54.63579302304424
55.60766415204853
56.64278979203664
57.61465112899896
58.64975666499231
59.62159013701603
60.65669291198719
61.62849732104223
62.66366691805888
63.63548320205882
64.67063722608145
65.64241606206633
66.67759373108856
67.64937569200993
68.68459612107836
69.65630032098852
70.69156507204752
71.66325119906105
72.69849423109554
73.67021962907165
74.70549187902361
75.67713347403333
76.71245895302854
77.68410815205425
78.71944961999543
79.69110897509381
80.72643643210176
81.6981164640747
82.73341037903447
83.70508395205252
84.74035286705475
85.71205440803897
86.74735066702124
87.71901653008536
88.7543103400385
89.7259228710318
90.76128610700835
91.73285415803548
92.76825661305338
93.73979263298679
94.77521888900083
95.74674621003214
96.78223803907167
97.75365973508451
98.78915932402015
99.76055378105957
100.79609237902332
101.76756485609803
102.80309928709175
103.7744650450768
104.81017135002185
105.78143580700271
106.8170942470897
107.78887567901984
108.82442870305385
109.79583341802936
110.83154529507738
111.80272699100897
112.83833959698677
113.80965900002047
114.84500931506045
115.81626142608002
116.85191470803693
117.82322931906674
118.85892124602105
119.83017778408248
120.86589236708824
121.83715854003094
122.87293973600026
123.84406752407085
124.87992694904096
125.85107609105762
126.88684062100947
