41.018187499954365
42.042522691888735
43.01924729999155
44.043597290990874
45.02034451090731
46.044698311947286
47.02145121595822
48.04575325490441
49.02252028090879
50.04680987994652
51.02359691390302
52.047843291889876
53.024618249968626
54.048922446905635
55.02566183998715
56.050028440891765
57.02672482095659
58.05111122096423
59.027810524916276
60.05216563097201
61.02883577591274
62.053233337937854
63.029838281916454
64.05422767391428
65.03088423993904
66.05517353699543
67.03188490099274
68.0562587879831
69.03295005590189
70.0573460329324
71.03402256895788
72.05833673197776
73.03504004492424
74.05937780893873
75.03603029693477
76.06074342993088
77.03742524795234
78.06136714399327
79.0379904799629
80.06235430797096
81.0390228589531
82.06339674594346
83.04004556499422
84.0644354489632
85.04111484694295
86.06550182192586
87.04216867499053
88.06659669894725
89.04315361194313
90.06760466296691
91.04419392696582
92.06857139291242
93.04513347591273
94.06957829196472
95.0461543929996
96.07061265397351
97.04721120896284
98.07164359197486
99.04822663299274
100.07274928293191
101.04929873696528
102.07383769599255
103.05041512590833
104.07490586291533
105.05145803990308
106.07619883399457
107.05263122695033
108.07720916497055
109.05373630288523
110.07830919593107
111.05479253991507
112.07936955394689
113.0558611858869
114.0803926869994
115.05677901289891
116.0814822379034
117.05783294595312
118.0825144079281
119.05891684093513
120.0836142989574
121.05990330199711
122.08463316294365
123.06092206796166
124.08568266499788
125.06207876291592
126.08678228396457
127.06311099289451
128.08775774994865
129.06412151793484
130.0887773958966
131.06514919095207
132.08981080492958
133.06619791896082
134.09087959199678
135.06719749397598
136.09193609992508
137.0682270299876
138.0930415269686
139.06923345394898
140.09407806198578
