47.90273086994421
48.94924057100434
49.90633980999701
50.952965082018636
51.909997497918084
52.956690893974155
53.91365283995401
54.96032363001723
55.91730614891276
56.96402219799347
57.9209359139204
58.96767664991785
59.92465718695894
60.97135797399096
61.92833653092384
62.97502195299603
63.93205884192139
64.97873118997086
65.93583333794959
66.98254672600888
67.93958152993582
68.9863238229882
69.94332982401829
70.99011836596765
71.9470978549216
72.9939210829325
73.95116661197972
74.9980384329101
75.95479828701355
77.00174156401772
77.9583846469177
79.0050655809464
79.96178569295444
81.00869954191148
81.96538116398733
83.01235735497903
83.96904569491744
85.01606579101644
85.97271798399743
87.019791151979
87.97634235501755
89.02348057401832
89.9800616200082
91.02708009793423
91.98371827893425
93.03079779690597
93.98739608097821
95.0345974729862
95.99120356794447
97.0383378759725
97.99493011692539
99.04213457996957
99.99867806897964
101.0459319059737
102.00233393791132
103.04963157500606
104.00600516796112
105.0533086899668
106.00965113693383
107.0570296049118
108.01323236397002
109.0606428629253
110.01695489091799
111.0643555970164
112.02058543695603
113.06802608992439
114.02426249196287
115.07172319595702
116.02793516998645
117.0753825919237
118.03161649196409
119.0791244849097
120.03535255196039
121.08278741897084
122.03902350494172
123.08658628794365
124.04271253000479
125.09026312397327
126.04638275096659
127.09398365695961
128.05008192895912
129.0977342389524
130.0537031359272
131.10162992298137
132.05740491393954
133.10517763893586
134.06100174295716
135.10880972701125
136.06467950693332
137.11249853193294
138.06842091493309
139.11627931392286
140.07216737396084
141.1200411359314
142.07569153991062
143.12352155090775
144.07956768199801
145.12742279598024
146.08317418792285
147.131151227979
